,bitshares,digibyte,dogecoin,nav-coin,nxt
0,0.085699,0.015719,0.001145,0.929033,0.076488
1,0.004837,0.000324,0.000235,0.045146,0.012146
2,0.006251,9.3E-05,0.000123,0.002278,0.008176
3,0.032881,7.9E-05,0.000399,0.001073,0.028252
4,0.082354,0.014781,0.001082,0.918849,0.071052
5,0.004872,0.000333,0.000231,0.052472,0.012835
6,0.006417,8.9E-05,0.000121,0.002176,0.008323
7,0.030984,7.9E-05,0.000396,0.001591,0.027248
8,0.087078,0.015098,0.00108,1.02,0.072449
9,0.004986,0.000345,0.000229,0.050851,0.013583
10,0.006273,9.3E-05,0.000124,0.002384,0.009037
11,0.031776,7.9E-05,0.000392,0.00127,0.028647
12,0.088603,0.015729,0.001173,0.994589,0.074724
13,0.005107,0.000351,0.000228,0.052427,0.0144
14,0.006347,7.7E-05,0.000122,0.002141,0.009042
15,0.033868,8.4E-05,0.000375,0.001426,0.031015
16,0.079328,0.014439,0.001151,0.906095,0.06571
17,0.005188,0.000353,0.000229,0.050487,0.015034
18,0.00633,7.7E-05,0.000123,0.002378,0.008994
19,0.033929,8.5E-05,0.000451,0.001438,0.031942
20,0.081056,0.01425,0.001141,0.81685,0.063894
21,0.005128,0.000349,0.000225,0.055674,0.01618
22,0.005934,9.5E-05,0.000122,0.001787,0.008804
23,0.030783,8.4E-05,0.000375,0.001035,0.030945
24,0.069554,0.013505,0.000892,0.761072,0.059606
25,0.004989,0.000349,0.000226,0.05161,0.015271
26,0.005881,9.8E-05,0.000124,0.002173,0.008709
27,0.030656,7.7E-05,0.000348,0.001308,0.031989
28,0.070597,0.013653,0.000954,0.841208,0.061825
29,0.005,0.000355,0.000224,0.051772,0.015359
30,0.006384,8.4E-05,0.000124,0.0021,0.009305
31,0.032094,8.7E-05,0.000313,0.001089,0.033011
32,0.069211,0.012606,0.000772,0.846573,0.058817
33,0.004992,0.000346,0.000228,0.052784,0.016083
34,0.006093,6.8E-05,0.000126,0.002074,0.008838
35,0.030651,7.9E-05,0.000298,0.001091,0.03193
36,0.069107,0.012546,0.000755,0.790137,0.059259
37,0.005084,0.000352,0.000231,0.053,0.016298
38,0.006693,5.8E-05,0.00013,0.002132,0.008449
39,0.030029,8.2E-05,0.000288,0.000981,0.029748
40,0.079108,0.014882,0.000862,0.917598,0.067742
41,0.00499,0.000347,0.000232,0.05294,0.015336
42,0.007109,5.4E-05,0.000126,0.00227,0.008392
43,0.031173,9E-05,0.000292,0.001427,0.029902
44,0.079411,0.013977,0.00089,0.934326,0.068958
45,0.005182,0.000347,0.000236,0.055478,0.01669
46,0.005874,5.9E-05,0.000126,0.002354,0.008483
47,0.03002,9E-05,0.000277,0.001071,0.029643
48,0.089771,0.01461,0.000947,1.06,0.076242
49,0.005188,0.000354,0.00024,0.061023,0.017213
50,0.005748,5.9E-05,0.000127,0.002046,0.008232
51,0.031145,9.1E-05,0.000298,0.000942,0.033117
52,0.071629,0.012202,0.000853,0.999036,0.067395
53,0.005131,0.000357,0.000236,0.062768,0.018094
54,0.005228,5.7E-05,0.000125,0.002206,0.00826
55,0.031356,9.8E-05,0.000268,0.001145,0.034975
56,0.072316,0.012421,0.000867,0.97994,0.063342
57,0.00537,0.000382,0.00025,0.054945,0.018111
58,0.004974,5.4E-05,0.000124,0.002176,0.008222
59,0.034058,0.000107,0.000294,0.001163,0.037837
60,0.075739,0.012569,0.000865,0.967416,0.065516
61,0.005447,0.000388,0.000233,0.0525,0.020093
62,0.004625,5.3E-05,0.000126,0.002273,0.008122
63,0.033437,0.000123,0.000326,0.001127,0.037264
64,0.07638,0.011096,0.000854,0.66836,0.054695
65,0.00573,0.00036,0.000226,0.051477,0.019886
66,0.004173,5.3E-05,0.000125,0.002084,0.008205
67,0.036723,0.000124,0.000345,0.00129,0.037692
68,0.113004,0.014735,0.001398,0.944475,0.076776
69,0.005603,0.000347,0.000225,0.051367,0.020054
70,0.004276,5E-05,0.000126,0.002405,0.008077
71,0.037656,0.000132,0.000267,0.00137,0.041259
72,0.120208,0.016239,0.00144,1.14,0.084199
73,0.005328,0.000358,0.000226,0.051094,0.02003
74,0.004319,5.1E-05,0.000127,0.002196,0.008081
75,0.038572,0.000146,0.000205,0.00161,0.042218
76,0.11317,0.017557,0.001463,1.11,0.082828
77,0.004955,0.000334,0.000226,0.054994,0.019888
78,0.004211,5.4E-05,0.000131,0.002404,0.008483
79,0.039063,0.000103,0.000204,0.001707,0.041038
80,0.101345,0.015318,0.001395,1.18,0.084298
81,0.005146,0.000337,0.000227,0.056672,0.020751
82,0.004269,5.7E-05,0.000129,0.002325,0.008558
83,0.040865,0.000101,0.000186,0.001699,0.039558
84,0.111051,0.01628,0.001568,1.34,0.088337
85,0.005021,0.000349,0.00023,0.055967,0.020501
86,0.004479,5.4E-05,0.00013,0.002248,0.008445
87,0.037151,8.1E-05,0.000195,0.00163,0.036563
88,0.110796,0.016374,0.001596,1.29,0.08752
89,0.005514,0.00034,0.000228,0.050971,0.02114
90,0.00435,5.4E-05,0.000131,0.002224,0.008501
91,0.038584,8.2E-05,0.000175,0.001231,0.036888
92,0.142661,0.018141,0.001927,1.5,0.103844
93,0.005104,0.000338,0.000242,0.053487,0.02147
94,0.004827,4.8E-05,0.00013,0.002226,0.008494
95,0.03267,8.6E-05,0.000188,0.000989,0.037189
96,0.16014,0.019357,0.002019,1.58,0.106607
97,0.005257,0.000331,0.000241,0.072845,0.021989
98,0.004681,4.8E-05,0.000132,0.002243,0.008569
99,0.032635,9.2E-05,0.000211,0.001456,0.036257
100,0.122084,0.019844,0.001908,1.35,0.09072
101,0.005447,0.000358,0.000236,0.033322,0.02047
102,0.005072,5E-05,0.00013,0.002482,0.00803
103,0.032433,0.000112,0.000163,0.001692,0.034626
104,0.110996,0.019126,0.001786,1.26,0.088583
105,0.005409,0.00034,0.000235,0.0248,0.019959
106,0.00332,4.7E-05,0.000125,0.00235,0.008027
107,0.031402,0.000113,0.000157,0.001454,0.029254
108,0.14144,0.025323,0.002153,1.47,0.106711
109,0.005327,0.000311,0.000236,0.022294,0.021362
110,0.003249,4.8E-05,0.000122,0.002283,0.007875
111,0.03259,0.000121,0.00014,0.001471,0.028861
112,0.148976,0.02198,0.002226,1.43,0.106538
113,0.005707,0.000294,0.000235,0.017887,0.022235
114,0.003413,4.8E-05,0.000126,0.00237,0.008289
115,0.027696,0.000148,0.000132,0.001671,0.028283
116,0.169329,0.025204,0.002543,1.9,0.119231
117,0.005838,0.000303,0.000232,0.017225,0.023075
118,0.003353,5.1E-05,0.000127,0.002282,0.008048
119,0.028243,0.000157,0.000131,0.001547,0.027111
120,0.073222,0.00903,0.001124,0.867878,0.05826
121,0.004173,0.000324,0.00022,0.055525,0.006495
122,0.004222,0.000323,0.000137,0.001882,0.007199
123,0.017352,4.7E-05,0.000236,0.000608,0.019422
124,0.056903,0.009312,0.001151,1.03,0.058622
125,0.004239,0.000338,0.000223,0.054661,0.006636
126,0.004577,0.000339,0.000151,0.002046,0.007762
127,0.01825,4.5E-05,0.000238,0.000579,0.020227
128,0.054771,0.009126,0.001173,0.801441,0.059357
129,0.004062,0.000312,0.000223,0.051356,0.006352
130,0.004198,0.000327,0.000141,0.001814,0.008125
131,0.020723,5E-05,0.000242,0.000632,0.019978
132,0.051667,0.00909,0.001037,0.730116,0.058275
133,0.004126,0.000317,0.000216,0.050855,0.006747
134,0.004166,0.00027,0.000126,0.001872,0.007265
135,0.021988,5.3E-05,0.000256,0.000893,0.021254
136,0.052926,0.009309,0.001052,0.729305,0.059179
137,0.004303,0.000331,0.000217,0.048494,0.006676
138,0.003988,0.000253,0.000118,0.00182,0.007125
139,0.022727,6E-05,0.000251,0.000883,0.021563
140,0.052257,0.008977,0.001051,0.724429,0.060045
141,0.004421,0.000339,0.000216,0.051337,0.007091
142,0.003628,0.000241,0.000116,0.001818,0.007035
143,0.022704,5.2E-05,0.000249,0.000785,0.021747
144,0.05229,0.00932,0.001056,0.777,0.060751
145,0.004476,0.000335,0.000219,0.051408,0.007162
146,0.003713,0.000237,0.000116,0.001875,0.007343
147,0.022636,5.6E-05,0.000246,0.000705,0.021496
148,0.053069,0.009411,0.001092,0.838975,0.061198
149,0.004487,0.000334,0.000219,0.057745,0.007598
