,monacoin,stellar,supernet-unity,syscoin,vertcoin
0,0.468827,0.013858,41.71,0.163465,1.03
1,0.036988,0.002847,2.6,0.009068,0.036995
2,0.089207,0.001985,1.78,0.000362,0.042791
3,0.036522,0.003211,24.36,0.001493,0.060138
4,0.48225,0.013204,2.7,0.158237,1.02
5,0.038031,0.003066,1.84,0.009346,0.037135
6,0.09131,0.002055,36.19,0.000362,0.04435
7,0.085198,0.003212,2.82,0.001424,0.060648
8,0.44012,0.013863,1.92,0.163082,0.93459
9,0.038122,0.003149,44.16,0.009611,0.03483
10,0.093072,0.002091,2.9,0.000381,0.044942
11,0.091639,0.003174,1.92,0.001372,0.057433
12,0.469551,0.014378,26.26,0.17103,1.02
13,0.03746,0.002549,2.81,0.009519,0.035283
14,0.089498,0.002067,1.98,0.000365,0.045586
15,0.093478,0.003263,19.33,0.001562,0.064524
16,0.45098,0.012388,2.9,0.160996,0.975175
17,0.037493,0.002385,1.95,0.009937,0.035728
18,0.098864,0.002071,2.86,0.000358,0.046272
19,0.091014,0.00305,1.96,0.001514,0.065052
20,0.460741,0.012073,3.06,0.151396,0.953256
21,0.036396,0.002454,1.93,0.0104,0.034575
22,0.094487,0.002056,23.24,0.000372,0.046636
23,0.091468,0.003494,2.62,0.001593,0.074233
24,0.452316,0.011563,1.88,0.139399,0.992858
25,0.03843,0.002219,23.65,0.009953,0.036615
26,0.102697,0.002058,2.6,0.000372,0.047475
27,0.091506,0.00389,1.77,0.001662,0.079289
28,0.466693,0.011896,26.73,0.144645,1.07
29,0.03798,0.002083,2.91,0.010475,0.035117
30,0.095136,0.002082,1.77,0.000366,0.047589
31,0.096213,0.003965,26.25,0.001502,0.088989
32,0.448218,0.010776,3.11,0.14544,1.09
33,0.038693,0.002138,1.79,0.010618,0.035763
34,0.090337,0.002138,21.7,0.00037,0.045246
35,0.101706,0.004023,2.84,0.00126,0.080591
36,0.453647,0.0106,1.7,0.147306,1.3
37,0.039098,0.002085,20.82,0.010712,0.037247
38,0.090144,0.002142,3.05,0.00036,0.050691
39,0.102077,0.003464,1.74,0.001338,0.081322
40,0.47759,0.012236,25.59,0.16686,0.955091
41,0.039468,0.002052,3.37,0.010855,0.037639
42,0.093546,0.002223,1.73,0.00038,0.049968
43,0.104674,0.003612,26.04,0.001609,0.083602
44,0.449215,0.011794,3.42,0.173756,0.81124
45,0.038163,0.002127,1.73,0.010793,0.039006
46,0.098187,0.002295,21.21,0.000389,0.049131
47,0.121532,0.003872,3.5,0.001556,0.082101
48,0.466362,0.013455,1.71,0.187546,0.810876
49,0.039427,0.00209,23.36,0.011374,0.038268
50,0.097885,0.002243,3.49,0.000377,0.049202
51,0.122712,0.003456,1.72,0.001477,0.089561
52,0.418483,0.01121,28.77,0.17909,0.688848
53,0.039513,0.002162,3.41,0.011215,0.039767
54,0.092061,0.002228,1.72,0.000369,0.050043
55,0.110163,0.003072,28.67,0.00128,0.097816
56,0.427467,0.011699,3.61,0.185596,0.629889
57,0.04043,0.002082,1.81,0.011555,0.039808
58,0.094308,0.002159,26.77,0.000368,0.052629
59,0.106649,0.00299,3.74,0.001152,0.098649
60,0.429105,0.012096,1.81,0.200703,0.707298
61,0.040502,0.002319,31.14,0.011607,0.039674
62,0.094745,0.002183,3.68,0.000366,0.054814
63,0.103612,0.002896,1.77,0.001155,0.102126
64,0.388856,0.011038,28.64,0.142547,0.479536
65,0.040574,0.001963,3.22,0.011812,0.046535
66,0.09543,0.002139,1.77,0.000367,0.051867
67,0.1173,0.002943,36.34,0.001059,0.100928
68,0.479597,0.015328,3.33,0.225008,0.704781
69,0.041182,0.001951,1.77,0.011986,0.050024
70,0.100929,0.002158,32.12,0.000368,0.052979
71,0.125161,0.003094,3.21,0.001044,0.099447
72,0.510081,0.016324,1.78,0.277082,0.790181
73,0.040943,0.00194,24.96,0.011579,0.042415
74,0.101603,0.002239,3.18,0.000357,0.057118
75,0.136267,0.002968,1.68,0.00115,0.099523
76,0.508828,0.016993,20.43,0.332996,0.798137
77,0.040567,0.001966,3.56,0.011658,0.040406
78,0.10361,0.002231,1.68,0.000389,0.059632
79,0.141297,0.002501,21.61,0.001208,0.102095
80,0.506391,0.016269,3.3,0.276089,0.839306
81,0.041076,0.002032,1.66,0.011838,0.042336
82,0.101275,0.002208,22.35,0.0004,0.059525
83,0.130244,0.002278,3.43,0.001163,0.103826
84,0.511343,0.017095,1.7,0.297113,0.864793
85,0.040257,0.00202,29.82,0.011306,0.042888
86,0.096199,0.002195,3.56,0.000403,0.067738
87,0.156038,0.002178,1.69,0.001155,0.104455
88,0.52264,0.017447,26.65,0.284619,0.81537
89,0.041699,0.001931,1.84,0.011656,0.042235
90,0.095,0.0023,1.28,0.000425,0.063642
91,0.168369,0.002257,2.83,0.00114,0.105072
92,0.562123,0.020096,26.62,0.313873,0.955678
93,0.040722,0.001925,1.86,0.01209,0.035642
94,0.092209,0.002452,1.39,0.000419,0.065944
95,0.172756,0.002044,2.81,0.001305,0.111279
96,0.583702,0.020346,27.08,0.314341,0.991602
97,0.039271,0.001925,1.86,0.012233,0.034442
98,0.092237,0.002527,1.41,0.000367,0.075518
99,0.194313,0.002081,2.84,0.001443,0.11154
100,0.513977,0.018567,26.53,0.267107,0.866313
101,0.04018,0.001912,1.77,0.012064,0.034844
102,0.101273,0.002476,1.33,0.000369,0.081677
103,0.20177,0.002082,3.16,0.001295,0.111439
104,0.536666,0.017625,27,0.200741,0.734686
105,0.040529,0.001934,2.09,0.011537,0.03734
106,0.107756,0.002321,1.45,0.000347,0.072775
107,0.209641,0.00213,3.12,0.001533,0.112975
108,0.508075,0.021296,27.35,0.219417,0.876343
109,0.040302,0.001902,2.29,0.012516,0.03762
110,0.107518,0.002377,1.44,0.00038,0.078869
111,0.194779,0.002059,3.26,0.001516,0.113888
112,0.496026,0.020837,27.44,0.189056,0.865105
113,0.039889,0.001885,2.38,0.010262,0.036566
114,0.108315,0.002423,1.47,0.000414,0.071364
115,0.191188,0.001999,3.33,0.001443,0.11309
116,0.500976,0.023954,25.98,0.205573,0.987379
117,0.040655,0.001887,2.57,0.009544,0.034206
118,0.107544,0.002435,1.5,0.000362,0.071648
119,0.186612,0.00201,3.55,0.001555,0.11253
120,2.98,0.029182,24.76,0.211956,5.21
121,0.029468,0.002088,2.21,0.008318,0.032366
122,0.065324,0.00216,1.5,0.000477,0.035284
123,0.03859,0.001681,3.45,0.000628,0.059501
124,3.14,0.031804,36,0.244843,5.45
125,0.028805,0.002127,2.07,0.008211,0.034843
126,0.066853,0.002184,1.6,0.000503,0.034255
127,0.038871,0.001735,3.9,0.000679,0.061681
128,2.86,0.030331,25.57,0.239735,4.34
129,0.028667,0.001957,1.88,0.008071,0.031622
130,0.066246,0.002069,1.53,0.000464,0.033722
131,0.035404,0.001696,3.8,0.000643,0.061112
132,3.17,0.031038,25.92,0.260334,5.18
133,0.029769,0.002095,2.09,0.007848,0.035838
134,0.069906,0.00202,1.51,0.00044,0.029862
135,0.036968,0.001655,3.8,0.000705,0.064631
136,3.35,0.034236,38.35,0.23148,4.07
137,0.030067,0.002176,2.03,0.008302,0.037283
138,0.069331,0.001997,1.61,0.000449,0.028485
139,0.042009,0.001956,3.54,0.000616,0.063976
140,3.45,0.034546,27.37,0.22332,3.68
141,0.03096,0.002338,2.25,0.008627,0.038243
142,0.070316,0.00186,1.55,0.00052,0.028337
143,0.047226,0.001941,3.67,0.000616,0.061801
144,3.84,0.035004,40.2,0.224598,3.07
145,0.031194,0.002357,2.16,0.008911,0.037241
146,0.072068,0.001886,1.67,0.000498,0.029842
147,0.045249,0.001892,3.9,0.000751,0.059831
148,3.92,0.036649,24.28,0.204555,3.28
149,0.030351,0.002471,2.32,0.008324,0.036565
