,agoras-tokens,augur,bitcoin,peercoin,ripple
0,0.391041,21.19,4338.71,1.31,0.197529
1,0.135377,12.19,609.74,0.306292,0.00883
2,0.118549,20.64,236.06,0.384913,0.00552
3,0.383526,11.26,386.94,0.998371,0.004644
4,0.134504,22.23,133,0.28063,0.010932
5,0.410452,10.28,4163.07,1.26,0.193606
6,0.133055,20.98,605.69,0.310154,0.008914
7,0.125336,10.67,236.69,0.389774,0.005579
8,0.38413,18.82,375.47,0.966338,0.004705
9,0.136521,10.59,137.34,0.265066,0.012868
10,0.122498,18.81,4174.73,1.33,0.196131
11,0.369826,11.72,604.73,0.303728,0.009048
12,0.145954,17.84,239.14,0.392302,0.006293
13,0.119464,10.36,377.18,0.965437,0.005282
14,0.375515,18,134.78,0.261473,0.013835
15,0.143756,11.94,4200.67,1.41,0.203299
16,0.116584,17.01,606.17,0.305347,0.008229
17,0.346913,11.63,232.76,0.380515,0.006536
18,0.127811,17.13,399.52,1.07,0.004705
19,0.115694,10.27,133.78,0.227426,0.014566
20,0.365433,18.5,3892.35,1.3,0.186119
21,0.131864,12.12,608.04,0.307611,0.007963
22,0.109915,18.46,234.34,0.376018,0.006501
23,0.352812,12.12,404.43,1.08,0.004616
24,0.131574,19.02,128.38,0.211827,0.011713
25,0.109941,9.88,3926.07,1.32,0.181487
26,0.367939,17.64,600.83,0.306246,0.007855
27,0.129649,9.82,235.14,0.390814,0.00665
28,0.104525,17.67,411.57,1.15,0.004722
29,0.344048,10.93,128.22,0.196177,0.010433
30,0.124968,18.31,3682.84,1.24,0.175787
31,0.102663,12.15,602.63,0.309945,0.007362
32,0.357553,15.76,234.53,0.385741,0.00671
33,0.129757,9.89,423.2,1.2,0.004668
34,0.102387,20.59,127.25,0.192147,0.010448
35,0.371824,11.33,3792.4,1.3,0.177882
36,0.129989,21.23,602.84,0.30703,0.007211
37,0.0882,11.67,230.28,0.391747,0.006668
38,0.31649,20.92,435.79,1.17,0.004613
39,0.115772,9.71,125.95,0.186406,0.010008
40,0.080588,21.55,3630.7,1.29,0.17351
41,0.289031,9.98,596.3,0.304713,0.006843
42,0.123275,22.28,230.62,0.383145,0.007168
43,0.07364,9.97,402.15,1.49,0.004657
44,0.269516,22.26,129.12,0.19368,0.010406
45,0.121446,4.95,3631.04,1.2,0.171754
46,0.102747,23.79,597.15,0.313722,0.006829
47,0.238599,10.57,227.09,0.376936,0.007247
48,0.125302,23.79,398.82,1.49,0.00457
49,0.105386,11.9,127.43,0.188596,0.0097
50,0.30495,22.94,3905.95,1.36,0.182078
51,0.124155,10.31,608.31,0.314436,0.006785
52,0.104842,21.81,231.21,0.391064,0.007637
53,0.349635,10.34,408.9,1.64,0.004772
54,0.130675,24.91,127.04,0.186749,0.010113
55,0.101996,6.58,3924.97,1.4,0.184041
56,0.31252,24.24,609.23,0.31622,0.006858
57,0.127407,9.21,231.49,0.386373,0.007482
58,0.10203,28.59,394.8,1.22,0.004942
59,0.324118,9.16,129.65,0.197068,0.010958
60,0.12041,17.59,4065.2,1.49,0.189768
61,0.115118,4.45,609.87,0.316921,0.006853
62,0.326986,1.57,232.97,0.388205,0.007529
63,0.13703,17.17,424.44,1.69,0.005135
64,0.124591,4.65,131.47,0.193084,0.010782
65,0.338118,1.69,3582.88,1.32,0.178393
66,0.138504,17.7,605.98,0.318208,0.007018
67,0.163826,4.11,229.81,0.390413,0.007372
68,0.3849,1.62,457.33,1.54,0.005399
69,0.126553,17.27,131.66,0.19749,0.009613
70,0.386612,4.43,3625.04,1.23,0.179082
71,0.130259,1.52,606.97,0.326811,0.007446
72,0.159049,17.54,229.09,0.349095,0.007426
73,0.349711,5.01,466.06,1.08,0.005124
74,0.132534,1.47,131.72,0.193628,0.007056
75,0.155935,17.9,3637.52,1.15,0.181358
76,0.315336,5.1,607.15,0.311282,0.008303
77,0.120126,17.94,230.3,0.355721,0.00772
78,0.15025,4.8,475.37,0.806403,0.00505
79,0.394838,17.66,130.37,0.194251,0.006472
80,0.130962,5.13,3154.95,1.13,0.164167
81,0.148987,16.29,610.68,0.309349,0.005961
82,0.419339,5.29,230.64,0.350443,0.007404
83,0.143799,16.85,477.89,0.79827,0.005136
84,0.142958,5.33,129.22,0.19383,0.00634
85,0.439105,16.84,3882.59,1.4,0.200778
86,0.13836,5.41,609.24,0.319742,0.005886
87,0.145655,17.56,230.51,0.335274,0.008532
88,0.328817,5.11,479,0.782664,0.004706
89,0.080519,18.15,134.98,0.20382,0.006513
90,0.324097,5.24,4130.81,1.49,0.209303
91,0.099896,18.34,608.24,0.320562,0.005897
92,0.316519,5.45,235.23,0.350013,0.008197
93,0.071482,18.7,477.75,0.743973,0.004713
94,0.320285,5.04,133.13,0.20502,0.006349
95,0.096197,19.09,4161.27,1.43,0.214441
96,0.332392,5.7,606.72,0.309334,0.005842
97,0.08807,18.66,240.11,0.39098,0.008444
98,0.095055,5.79,479.75,0.729107,0.004749
99,0.328996,18.95,135.25,0.21099,0.006273
100,0.091406,5.78,4122.94,1.42,0.213031
101,0.094115,18.38,623.51,0.336045,0.00587
102,0.336706,6.14,238.48,0.397609,0.007663
103,0.097272,18.23,479.36,0.73611,0.00475
104,0.312211,5.9,125.91,0.187606,0.005808
105,0.107567,18.61,4226.06,1.53,0.209995
106,0.092769,5.75,622.86,0.323516,0.005869
107,0.293925,18.77,238.17,0.390881,0.007678
108,0.10806,6.59,475.26,0.717387,0.004719
109,0.092218,17.81,127.11,0.186852,0.00627
110,0.31394,7.06,4228.75,1.53,0.211518
111,0.10842,19.12,626.32,0.319105,0.005902
112,0.324401,6.86,243.61,0.417071,0.007831
113,0.102371,20.13,474.6,0.699713,0.004711
114,0.32466,6.71,121.66,0.18614,0.006183
115,0.106006,19.61,4599.88,1.82,0.22364
116,0.097853,7.31,614.54,0.337485,0.005892
117,0.320621,19.02,239.85,0.393598,0.007918
118,0.121052,9,482.28,0.721973,0.004704
119,0.096238,18.99,124.15,0.194916,0.006173
120,0.370578,14.34,4597.12,1.92,0.226186
121,0.121895,19.44,610.44,0.33788,0.005912
122,0.108687,18.36,239.84,0.368208,0.007891
123,0.285505,19.37,484.83,0.741124,0.004795
124,0.122515,13.43,119.15,0.183373,0.005866
125,0.112428,20.66,4376.53,1.72,0.215189
126,0.287174,12.28,606.59,0.34045,0.005932
127,0.123772,26.01,235.02,0.353063,0.00786
128,0.115385,3.69,483.34,0.715205,0.004874
129,0.2985,1.51,126.43,0.185515,0.005715
130,0.124502,24.28,4236.31,1.48,0.204968
131,0.129834,3.63,608.63,0.350541,0.005954
132,0.289412,1.78,230.3,0.333499,0.007355
133,0.126141,28.56,489.66,0.767344,0.004805
134,0.128397,3.7,126.74,0.181238,0.005695
135,0.272417,1.74,4582.96,1.83,0.228811
136,0.125604,28.78,598.21,0.344488,0.005964
137,0.125935,4.31,227.18,0.336219,0.007431
138,0.254927,1.72,477.59,0.722479,0.004776
139,0.108158,27.21,136.77,0.184639,0.00567
140,0.258082,4.16,4578.77,1.92,0.226669
141,0.129014,1.67,575.54,0.357441,0.00597
142,0.129097,28.34,229.28,0.342363,0.0077
143,0.246228,4.22,477.43,0.724066,0.004641
144,0.130756,1.59,135.85,0.175247,0.005528
145,0.129375,28.55,4892.01,2.04,0.248479
146,0.256175,4.22,572.3,0.364305,0.005984
147,0.120029,1.51,228.12,0.34328,0.007815
148,0.127015,25.77,474.88,0.778685,0.005025
149,0.292525,4.37,138.34,0.178459,0.005787
