,byteball,golem-network-tokens,iconomi,neo,paccoin,zclassic,zcoin
0,255.69,0.264662,1.46,34.21,1.5E-07,2,13.29
1,237.73,0.261972,0.267674,0.184939,4.3E-09,1.96,12.86
2,241.5,0.272749,1.44,28.64,1.5E-07,2.12,13.86
3,249.71,0.27669,1.53,0.191738,3.5E-09,2.02,13.01
4,220.11,0.258489,1.51,29.76,1.7E-07,1.93,11.83
5,227,0.259158,1.46,0.194798,4.3E-09,1.95,11.6
6,213.76,0.247837,1.54,31.79,1.8E-07,1.78,11.15
7,223.53,0.257249,1.47,0.197913,3.7E-09,1.73,11.57
8,208.02,0.241301,1.49,26.38,1.6E-07,1.71,11.48
9,212.07,0.243756,1.37,0.202491,3.6E-09,1.71,10.45
10,232.94,0.271956,1.34,26.02,1.7E-07,1.72,10.6
11,237.1,0.261374,1.52,0.198994,3.9E-09,1.92,8.64
12,249.91,0.282695,1.54,19.79,1.3E-07,2.32,7.52
13,233.99,0.247016,1.74,0.213843,4.2E-09,1.57,6.6
14,238.54,0.243028,1.51,20.18,1.2E-07,1.51,6.59
15,238.88,0.247871,1.5,0.243237,4.3E-09,1.5,6.92
16,211.1,0.206726,1.54,18.69,8.7E-08,1.29,6.3
17,268.2,0.272215,1.27,0.252723,3.1E-09,1.64,8.51
18,288.63,0.290404,1.58,17.45,7.4E-08,1.76,8.52
19,284.36,0.299268,1.73,0.303794,2.6E-09,1.79,8.67
20,285.25,0.323035,1.69,19.75,1.2E-07,1.88,8.53
21,291.39,0.344498,1.87,0.312621,4E-09,2.02,9.15
22,301.44,0.360461,1.98,19.94,1E-07,2.2,9.09
23,321.96,0.402176,1.93,0.331296,3.5E-09,2.09,10.72
24,322.51,0.451712,2.23,21.22,1E-07,2.23,11.59
25,347.9,0.345685,2.25,0.384916,3.7E-09,2.27,10.84
26,343.47,0.301788,2.09,19.86,7.4E-08,1.89,9.71
27,367.22,0.361347,2.11,0.426568,3.1E-09,2.49,12.13
28,368.93,0.330569,2.48,20.76,7.7E-08,2.68,13.19
29,383.75,0.378419,2.49,0.388858,4E-09,3.31,14.33
30,218.18,0.198555,2.99,18.74,8E-08,1.84,17.66
31,214.21,0.191735,1.01,0.349832,3.3E-09,1.9,2.38
32,213.73,0.189639,0.12191,15.69,7.5E-08,1.86,15.54
33,191.79,0.197054,1.03,0.325127,6.6E-09,1.83,3.11
34,203.28,0.20472,0.124068,20.06,1E-07,1.77,13.92
35,191.43,0.194259,1.17,0.309509,6.3E-09,1.81,3.44
36,203.6,0.202158,0.113883,20.97,1.2E-07,1.79,14.87
37,181.24,0.199057,1.15,0.374598,6.1E-09,1.72,4.79
38,173.85,0.19286,0.123524,21.88,1.2E-07,1.59,14.82
39,189.63,0.201134,1.19,0.37615,4.7E-09,1.71,3.29
40,189.31,0.204678,0.13843,22.75,1.3E-07,1.76,13.53
41,201.07,0.221913,1.19,0.391001,5.5E-09,1.92,3.3
42,212.35,0.254141,0.169119,21.96,1.4E-07,2.66,11.81
43,190.18,0.217408,1.27,0.558478,6.8E-09,1.5,3.33
44,178.09,0.219275,0.177921,24.86,1.4E-07,1.54,12.74
45,175.31,0.211233,1.28,30.78,6.1E-09,1.65,3.49
46,173.65,0.203874,0.454364,21.36,1.5E-07,1.68,11.52
47,186.77,0.208379,1.15,22.8,6.5E-09,1.68,2.9
48,175.3,0.211183,0.269399,21.83,1.6E-07,1.7,11.74
49,167.73,0.213099,1.17,30.32,6.6E-09,1.83,2.9
50,170.23,0.233593,0.157751,31.72,1.6E-07,1.79,12.24
51,163.89,0.221501,1.16,32.01,6.7E-09,1.64,3.79
52,149.3,0.193398,0.220825,28.47,1.5E-07,1.63,10.53
53,154.28,0.196629,1.25,0.228251,6.3E-09,1.82,3.02
54,180.46,0.221711,0.207394,28.79,1.6E-07,1.92,12.28
55,193.24,0.233535,1.32,0.181026,5.6E-09,2.01,5.79
56,203.22,0.230674,0.180959,27.76,1.7E-07,2.02,12.05
57,194.6,0.245785,1.4,0.170166,6.4E-09,2.05,5.12
58,214.98,0.245505,0.185008,27.35,1.7E-07,2.27,9.57
59,224.27,0.255418,1.39,0.151552,6.3E-09,2.21,3.49
60,262.58,0.258588,0.188562,28.76,3.1E-07,2.18,10
61,237.93,0.290002,1.44,0.127426,3.8E-09,1.93,3.52
62,239.92,0.013339,0.275895,28.33,4.4E-07,0.745623,9.57
63,273.52,0.263486,1.48,0.129615,4.1E-09,1.9,3.95
64,287.09,0.013252,0.223526,28.54,5.6E-07,0.729315,9.77
65,264.47,0.345754,1.57,0.135712,4E-09,2.07,3.6
66,260.66,0.011766,0.233744,30.15,4.1E-07,1,9.73
67,262.66,0.330351,1.48,0.093762,4E-09,2.04,4.49
68,274.66,0.012349,0.312025,27.51,3.8E-07,1.18,9.6
69,252.55,0.274905,1.42,0.082726,3.4E-09,1.99,2.39
70,227.17,0.012869,0.241117,28.79,3.1E-07,1.48,10.66
71,236.1,0.253609,1.51,0.081484,3.4E-09,1.99,1.79
72,249.5,0.011125,0.22117,27.13,2.3E-07,1.54,9.66
73,234.81,0.246793,1.51,0.080181,4.1E-09,1.88,1.17
74,234.75,0.011452,0.278547,27.75,2E-07,1.29,9.45
75,216.69,0.230846,1.53,0.092682,3.8E-09,1.76,1.7
76,237.26,0.010432,0.366967,28.66,1.9E-07,1.29,9.67
77,239.22,0.231549,1.56,0.117084,3.7E-09,1.84,1.61
78,206.9,0.013517,0.343605,29.67,1.8E-07,1.44,10.58
79,164.51,0.217997,1.68,0.19744,4.4E-09,1.68,1.11
80,159.3,0.014149,0.444327,31.4,1.6E-07,1.98,11.06
81,175.53,0.219278,1.97,0.192747,4.4E-09,1.71,0.901141
82,192.04,0.014474,0.422984,28.53,1.7E-07,2.49,11.07
83,177.13,0.219314,1.77,0.175901,4.3E-09,1.78,11.14
84,178.37,0.015015,0.535335,27.73,1.7E-07,2.68,11.53
85,155.32,0.210481,1.63,0.179885,4E-09,1.75,12.39
86,158.98,0.013566,0.338663,27.8,1.7E-07,2.82,12.27
87,188.83,0.207861,1.35,0.191014,4.2E-09,1.74,36.59
88,226.22,0.209876,0.18364,29.35,1.8E-07,3.63,0.676966
89,216.93,0.21397,1.38,0.185407,3.9E-09,1.73,38.19
90,223.79,0.211439,0.146614,28.18,1E-06,4.09,0.345835
91,415.97,0.204708,1.44,0.186052,3.7E-09,1.89,42.84
92,336.33,0.189421,0.214888,29.96,1.7E-07,4.8,0.37497
93,319.02,0.198331,1.39,0.193575,4.3E-09,1.86,38.06
94,305.99,0.197376,0.176022,29.31,1.5E-07,4.13,0.424698
95,270.95,0.21536,1.31,0.193108,4.5E-09,1.84,35.68
96,292.03,0.206634,0.168375,29.1,1.4E-07,4.84,0.451497
97,301.72,0.194727,1.54,0.186541,4.3E-09,1.74,37.41
98,305.55,0.188733,0.174724,32.07,1.4E-07,3.52,0.578698
99,293.01,0.189395,1.53,0.205229,4.6E-09,1.85,36.24
100,261.17,0.196548,0.162818,36.14,1.5E-07,3.99,0.545247
101,256.15,0.202098,1.62,0.20284,4.1E-09,1.71,34.91
102,268.1,0.221005,0.162149,33.52,1.4E-07,5.23,0.594411
103,245.21,0.22519,1.78,0.180059,4.2E-09,1.99,38.5
104,240.53,0.437993,0.171436,32.28,1.3E-07,1.83,0.556219
105,221.56,0.424143,1.67,0.289392,4.1E-09,1.71,32.35
106,225.19,0.468168,0.174482,31.16,1.5E-07,1.65,0.571248
107,247.3,0.480738,1.43,0.185843,3.8E-09,1.66,25.82
108,249,0.341865,0.178249,33.61,1.6E-07,1.69,0.557802
109,247.65,0.365831,1.48,0.178713,5E-09,1.6,23.14
110,244.69,0.398442,0.17892,36.74,1.6E-07,1.64,0.649329
111,242.72,0.4664,1.21,0.177279,5E-09,1.64,24.34
112,249.1,0.419497,0.180428,35.72,1.5E-07,4.8,0.634565
113,264.43,0.317936,1.21,0.202293,6.4E-09,3.4,22.04
114,257.65,0.316604,0.174226,32.96,1.3E-07,3.03,1.03
115,259.03,0.255912,1.12,0.144636,4.7E-09,3.05,23.16
116,247.58,0.259853,0.169566,32.28,1.4E-07,2.77,0.56612
117,229.5,0.242691,1.07,0.149953,4E-09,2.94,22.22
118,231.32,0.196725,0.173396,38.08,1.5E-07,3.35,0.750268
119,219.94,0.197136,0.951394,0.167994,4.2E-09,3.96,22.85
120,213.54,0.208512,0.173945,40.13,1.7E-07,4.06,0.880791
121,217.68,0.210699,0.989586,0.17305,4.6E-09,3.46,18.98
122,64.55,0.216739,0.167564,38.44,8.6E-07,3.45,0.8702
123,65.99,0.22579,1.09,0.174141,3.1E-09,4.83,14.08
124,64.27,0.234533,0.204064,38.13,5E-09,4.42,0.807772
125,65.07,0.217156,1.03,0.174514,8.8E-07,8.98,14.94
126,58.04,0.212477,0.183705,34.79,3.2E-09,10.2,0.8323
127,52.2,0.246443,0.98282,0.171955,4.9E-09,9.57,15.04
128,62.84,0.241079,0.171514,34.9,9.1E-07,7.36,0.79657
129,54.38,0.254044,0.964964,0.167085,3.2E-09,8.15,18.23
130,67.39,0.244687,0.174726,35.86,5.4E-09,9.08,0.796898
131,63.58,0.253327,1.09,0.168892,8.1E-07,9.06,17.08
132,71.49,0.223747,0.115758,34.36,3.4E-09,8.94,1.13
133,66.73,0.225262,0.95479,0.173476,5.7E-09,8.28,15.18
134,67.39,0.217398,0.110199,35.64,8E-07,8.77,1.16
135,48.69,0.086301,1.09,0.170999,3.1E-09,8.27,15.49
136,45.11,0.084839,0.11335,39.75,5.5E-09,8.63,1.74
137,54.06,0.06415,0.93524,0.169928,8.2E-07,9.77,15.85
138,52.48,0.056277,0.10827,42.74,2.9E-09,7.8,1.94
139,55.04,0.050017,0.913426,0.172177,5.2E-09,6.48,14.1
140,58.89,0.05053,0.118142,40.5,7E-07,5.62,2.02
141,43.73,0.042191,1.03,0.17328,3.4E-09,5.01,14.7
142,59.97,0.043714,0.117117,28.7,5.4E-09,5.28,1.72
143,65.89,0.048744,1.05,0.162529,6.1E-07,2.21,15.07
144,61.14,0.048005,0.127636,29.35,3.4E-09,2.02,1.98
145,61.96,0.051241,1.12,0.173875,5.7E-09,2.08,12.56
146,65.95,0.057157,0.121109,29.73,6.2E-07,2.01,2.17
147,73.55,0.036324,1.18,0.183786,3.3E-09,1.94,8.15
148,58.54,0.028766,0.124995,28.4,5.7E-09,1.85,5.77
149,61.5,0.040491,0.980278,0.169917,5.1E-07,1.99,5.78
