,decred,digixdao,ethereum-classic,experience-points,lisk,singulardtv,triggers,waves,zcash
0,34.58,79.88,12.98,3E-06,5.82,0.172419,1.05,5.04,277.53
1,0.977073,14.51,1.26,1.2E-07,0.238563,0.163048,0.980923,0.196706,290.12
2,34.14,78.71,12.52,2E-06,5.7,0.167995,1.07,4.93,310.6
3,1.03,14.01,1.27,1.9E-07,0.237278,0.177843,1.17,0.173167,285.36
4,34.66,78.19,12.73,5E-06,5.99,0.181959,1.17,4.78,231.47
5,1.05,14.73,1.25,1.2E-07,0.238588,0.175652,1.13,0.17312,230.77
6,36.1,75.29,12.65,8E-06,6.32,0.167678,1.09,5.17,205.63
7,1.08,16.09,1.2,1.2E-07,0.236408,0.179798,1.17,0.173631,204.21
8,33.46,70.8,11.24,1.2E-05,6.13,0.175256,1.26,4.79,195.84
9,1.14,14.08,1.2,1.2E-07,0.2375,0.173895,1.06,0.173482,175.65
10,34.96,71.33,10.86,4E-06,6.15,0.191266,1.22,4.23,187.86
11,1.2,14.21,1.21,1.1E-07,0.246723,0.186001,1.1,0.174928,188.3
12,33.72,68.36,10.44,4E-06,5.75,0.182893,1.29,3.97,193.16
13,1.22,13.43,1.25,1.5E-07,0.246655,0.171048,1.19,0.181455,174.18
14,37.54,67.7,10.61,8E-06,5.98,0.179409,1.14,3.97,172.46
15,1.21,14.96,1.24,1.1E-07,0.24303,0.158062,1.25,0.186626,181.06
16,31.13,64.05,10.26,1E-05,5.75,0.120473,1.22,3.77,158.88
17,1.2,15.46,1.25,1.1E-07,0.246458,0.149202,2.02,0.195984,197.22
18,31.98,64.24,10.07,2E-06,5.39,0.15072,2.38,3.64,207.77
19,1.18,16.97,1.22,1.2E-07,0.249115,0.160537,1.18,0.199509,208.77
20,36.07,70.8,11.25,4E-06,6.06,0.167029,0.918326,4.07,212.91
21,1.31,18.76,1.25,1.5E-07,0.260103,0.13744,0.970319,0.215727,213.79
22,32.4,76.63,11.48,3E-06,6.2,0.125973,1.08,4.16,213.99
23,1.24,16.92,1.28,1.1E-07,0.253032,0.149466,1.31,0.191414,247.31
24,30.94,73.92,11.79,4E-06,6.74,0.152371,0.91714,4.34,247.01
25,1.3,13.89,1.32,1.6E-07,0.255169,0.146619,0.821186,0.186632,226.88
26,29.79,65.8,10.02,4E-06,5.57,0.113423,0.835226,3.64,218.34
27,1.41,15.18,1.32,1.5E-07,0.257226,0.135326,0.95812,0.179221,260.09
28,30.89,64.62,9.93,3E-06,5.56,0.142019,0.753198,3.76,254.03
29,1.45,15.17,1.32,1.9E-07,0.258762,0.147879,1.03,0.167791,305.11
30,29.7,68.84,10.24,5E-06,5.58,0.132961,0.697228,3.78,233.01
31,1.44,14.89,1.28,3E-07,0.252934,0.011846,0.020328,0.1656,1624.58
32,23.83,58.97,9.13,1.7E-05,4.36,0.139801,0.640815,3.09,241.22
33,1.47,13.26,1.29,1.5E-07,0.270973,0.011693,0.018677,0.17306,574.82
34,26.73,74.36,14.11,3E-06,6.57,0.142829,0.630003,3.95,234.33
35,1.47,10.7,1.29,2.3E-07,0.26255,0.010706,0.016845,0.169045,2044.47
36,27.73,78,14.44,5E-06,7.02,0.146387,0.704409,4.38,231.07
37,1.44,10.47,1.32,1.9E-07,0.26851,0.010792,0.024745,0.171349,244.52
38,29.01,85.84,14.61,4E-06,6.7,0.149951,0.724215,4.35,233.67
39,1.47,9.96,1.34,6E-06,0.244939,0.012817,0.028634,0.160849,217.69
40,28.69,79.64,13.66,3E-06,6.57,0.161062,0.755984,4.41,216.04
41,1.53,9.42,1.42,4E-06,0.25199,0.013595,0.033305,0.162375,206.52
42,30.4,94,14.89,4E-06,6.9,0.141764,1.12,4.46,213.73
43,1.54,10.11,1.4,6E-06,0.256735,0.013895,0.032288,0.166817,212.46
44,31.53,78.25,15.2,5E-06,6.91,0.133853,0.666619,4.5,222.52
45,1.53,10.03,1.44,5E-06,0.254201,0.013572,0.043508,0.162395,230.07
46,33.93,90.36,17.81,1.7E-05,7.48,0.128714,0.556106,4.98,229.3
47,1.51,10.02,1.48,6E-06,0.257372,0.013969,0.044911,0.160031,231.28
48,34.74,88.75,19.02,3E-06,6.96,0.139072,0.623688,5.16,233.01
49,1.5,10.02,1.47,1E-06,0.252891,0.014454,0.039267,0.166453,232.63
50,34.08,76.83,16.58,4E-06,6.08,0.13196,0.634313,4.98,240.89
51,1.52,10.52,1.45,6E-06,0.250393,0.013884,0.039286,0.170325,240.05
52,32.27,72.35,15.84,2E-06,5.86,0.14592,0.560317,4.66,227
53,1.52,10.51,1.46,6E-06,0.243393,0.014738,0.036274,0.165639,236.13
54,36.64,91.5,18.57,3E-06,7.08,0.155255,0.585695,5.2,235.66
55,1.5,10.5,1.34,6E-06,0.243732,0.013935,0.023285,0.165268,229.49
56,36.33,84.71,20.08,4E-06,6.72,0.157986,0.726748,5.23,241.06
57,1.45,10.75,1.39,9E-06,0.249354,0.014092,0.022048,0.171192,253.98
58,41.35,97.34,21.94,1.2E-05,7.41,0.148898,0.557794,5.74,257.61
59,1.46,10.58,1.44,4E-08,0.246301,0.013203,0.017495,0.161095,254.82
60,28.4,63.69,10.62,2E-06,4.74,0.161781,0.529972,3.24,237.91
61,0.692514,11.07,0.903216,8.1E-08,0.162747,0.013468,0.019563,0.328016,252.94
62,30.25,61.32,10.87,3E-06,4.93,0.146518,0.625513,3.48,257.6
63,0.780302,10.94,0.927473,4.1E-08,0.168472,0.013316,0.020156,0.353743,263.94
64,29.35,62.39,10.86,5E-06,4.88,0.149509,0.420538,3.54,308.49
65,0.77073,10.81,0.889612,4E-08,0.150249,0.01453,0.019532,0.346814,68.69
66,30.96,59.35,10.55,7E-06,4.68,0.144757,0.4607,3.46,306.07
67,0.781814,11.04,0.942647,4E-08,0.180549,0.012736,0.019244,0.337918,68.72
68,29.72,59.45,10.38,1.1E-05,4.96,0.14155,0.46131,3.54,371.24
69,0.836105,11.55,0.995753,4E-08,0.188229,0.013347,0.020778,0.329201,70.96
70,30.22,60,10.5,5E-06,5.18,0.151975,0.562794,3.62,347.51
71,0.860811,12,1.03,3.9E-08,0.192679,0.015277,0.020611,0.333643,69.83
72,35,63.72,10.63,1.6E-05,5.2,0.151887,0.571627,3.7,340.14
73,0.857861,11.34,1.02,3.9E-08,0.186053,0.015487,0.54619,0.355961,77.3
74,27.59,59.85,10.6,5E-06,5.53,0.142764,0.467754,3.76,344.7
75,0.87786,12.05,1.03,3.9E-08,0.181246,0.016044,0.631481,0.338372,91.33
76,23.48,58.84,10.28,8E-06,4.71,0.138494,0.688089,3.67,346.36
77,0.904782,11.26,1.05,6E-06,0.170472,0.017474,0.835768,0.31363,97.19
78,26.1,62.25,10.83,3.8E-08,4.74,0.163895,0.932806,3.58,311.55
79,0.907106,11.02,1.05,1.6E-05,0.180245,0.016154,1,0.288693,77.56
80,24.79,62.99,10.92,3.8E-08,4.71,0.17178,1.05,3.58,319.73
81,0.889927,11.76,1.03,9E-06,0.189527,0.019365,0.936708,0.243799,57.9
82,24.82,64.55,11.22,7.6E-08,4.93,0.169046,1.01,3.66,290.64
83,0.887821,11.47,1.04,7E-06,0.192647,0.020023,0.006257,0.240599,54.02
84,26.97,64.58,11.34,3.8E-08,4.98,0.172161,0.871103,3.89,302.17
85,0.866963,11.62,1.05,1.8E-05,0.181382,0.016803,0.006106,0.249335,60.27
86,27.4,70.52,11.53,3.9E-08,5.14,0.168415,1.1,4.04,299.33
87,0.884849,11.94,1.06,4E-06,0.17934,0.01867,0.006041,0.245576,65.7
88,28.85,70.45,11.92,7.8E-08,5.1,0.152746,1.24,3.92,298.15
89,0.975003,11.95,1.07,8E-06,0.181202,0.156803,0.006273,0.244299,70.64
90,27.23,71.09,11.89,3.9E-08,4.96,0.123867,1.39,4.02,291.19
91,0.906924,11.96,1.2,5E-06,0.180824,0.009761,0.006157,0.235213,87.64
92,27.75,65.56,11.95,7.8E-08,4.91,0.119873,0.962763,3.8,294.91
93,0.948144,12.11,0.992573,5E-06,0.179811,0.009592,0.008514,0.223403,96.95
94,28.15,71.42,12.26,7.8E-08,4.79,0.14957,0.748455,4,290.56
95,0.980952,11.6,0.991068,8E-06,0.18523,0.010146,0.009069,0.209668,109.34
96,27.59,74.4,12.18,7.5E-08,4.9,0.158053,0.697765,3.97,271.44
97,0.953763,11.42,1.01,6E-06,0.202016,0.009186,0.007446,0.205778,105.06
98,28.86,67.55,11.96,1.1E-07,4.98,0.161635,0.72487,3.69,265.45
99,0.94824,11.22,1.04,1.3E-05,0.207292,0.009212,0.012593,0.212963,117.26
100,27.84,73.42,11.49,2.3E-07,5.36,0.129988,0.683978,4.18,288.67
101,0.976486,11.46,1.1,3E-06,0.211765,0.010042,0.00977,0.209706,144.11
102,27.84,66.8,11.54,1.5E-07,4.92,0.128924,0.579266,4.12,253.6
103,0.981122,12.37,1.15,6E-06,0.215994,0.011137,0.012639,0.209878,183.36
104,26.59,70.71,11.5,1.9E-07,4.7,0.126006,0.551873,4.13,237.88
105,1.03,12.94,1.17,7E-06,0.215135,0.011713,0.012595,0.212259,226.17
106,27.22,73.68,12.12,1.5E-07,4.66,0.130642,0.581202,4.44,262
107,1.05,12.14,1.18,2E-06,0.219517,0.010231,0.011991,0.21252,255.58
108,29.88,77.61,12.28,1.5E-07,5.19,0.130315,0.529802,5.02,250.6
109,1.09,12.19,1.17,5E-06,0.223432,0.009338,0.013871,0.203778,308.64
110,30.51,71.16,12.34,1.5E-07,5.34,0.134605,0.551914,4.97,240.87
111,1.08,13.13,1.17,8E-06,0.224222,0.010419,0.013038,0.211073,236
112,30.34,68.82,11.95,1.5E-07,5.41,0.133167,0.555699,4.97,228.69
113,1.08,13.26,1.19,1.9E-05,0.229213,0.011047,0.017427,0.213118,321.79
114,30.78,69.23,11.97,1.2E-07,5.53,0.129279,0.551757,4.91,225.35
115,1.02,13.24,1.16,1.2E-05,0.233913,0.011532,0.016575,0.205533,504.57
116,31.66,71.95,12.41,1.2E-07,5.7,0.125364,0.525275,4.73,230.39
117,1.07,13.13,1.19,3E-06,0.239255,0.011417,0.018007,0.1927,603.98
118,34.21,76.92,12.44,1.2E-07,5.42,0.128127,0.459016,4.85,232.63
119,0.977,13.63,1.19,2.3E-05,0.225496,0.010523,0.017647,0.196629,887.26
120,33.1,79.98,12.74,3.9E-08,5.51,0.138014,0.541163,4.97,218.16
121,1.01,13.88,1.19,5E-06,0.233642,0.010183,0.01761,0.185924,942.78
122,56.64,100.2,28.19,3.9E-08,7.5,0.143182,0.579862,4.88,222.41
123,0.600124,8.76,0.748166,9E-06,0.169325,0.009928,0.018616,0.252707,1333.74
124,48.94,94.82,25.42,3.9E-08,6.9,0.135576,0.697271,5.17,235.67
125,0.597028,8.88,0.747909,1E-05,0.180705,0.008705,0.023224,0.26237,232.93
126,56,113.4,33.98,3.9E-08,7.79,0.126858,0.658632,5.93,205.57
127,0.590771,9.15,0.759313,1.5E-05,0.168976,0.010237,0.014247,0.309469,196.32
128,60.04,106.83,25.75,3.9E-08,7.89,0.141433,0.571083,5.65,190.82
129,0.582951,8.61,0.778122,7E-06,0.157288,0.009588,0.014112,0.257451,197.88
130,61.73,90.8,22.22,3.9E-08,7.51,0.155312,0.590302,5.68,224.46
131,0.589909,9.09,0.781978,1.6E-05,0.162519,0.011233,0.015654,0.217379,238.6
132,49.96,89.87,21.71,3.9E-08,8.04,0.182209,0.617453,5.35,239.49
133,0.614373,8.78,0.845464,1.6E-05,0.161149,0.011355,0.017263,0.233079,203.19
134,48.18,80.11,21.45,7.8E-08,7.89,0.189747,0.604197,5.23,119.81
135,0.627662,10.85,0.769668,1.7E-05,0.162697,0.011982,0.01948,0.259016,108.23
136,42.97,79.46,18.23,3.9E-08,7.49,0.207032,0.560836,5.19,106.08
137,0.662553,10.18,0.816454,2.2E-05,0.162994,0.011932,0.018388,0.272901,94.92
138,40.42,76.37,17.99,3.9E-08,8.57,0.236783,0.523006,5.29,92.66
139,0.679494,9.17,0.840367,8E-06,0.163613,0.012033,0.024563,0.278878,90.6
140,34.14,72.05,17.8,3.9E-08,9.68,0.183649,0.554358,5.19,93.57
141,0.712357,9.16,0.850297,9E-06,0.167896,0.011952,0.023369,0.288821,96.7
142,34.04,71.98,18.39,4E-08,9.77,0.145437,0.03087,5.27,96.58
143,0.704841,8.83,0.858533,1.3E-05,0.164359,0.011596,0.030215,0.277263,97.44
144,35.06,70.88,17.92,7.9E-08,9.74,0.135111,0.03249,5.12,95.13
145,0.751169,8.76,0.860979,6E-06,0.1598,0.011295,0.028868,0.294224,96.99
146,34.82,70.48,17.72,3.9E-08,9.28,0.119229,0.028455,5.3,96.09
147,0.746159,8.8,0.871999,2.5E-05,0.163274,0.011775,0.028874,0.297482,106.62
148,32.04,77.06,17.24,4E-08,8.28,0.138728,0.033827,4.78,103.83
149,0.725155,9,0.893229,5.5E-05,0.161771,0.011119,0.037545,0.325359,108.21
