,ardor,bitcoindark,dash,digitalnote,einsteinium,gamecredits,pivx,reddcoin,viacoin
0,0.21235,114.07,327.14,0.002303,0.135851,2.34,3.21,0.001217,1.46
1,0.16641,2.61,12.1,0.000139,0.001586,0.122092,0.003695,4.3E-05,0.027427
2,0.174028,1.1,2.34,0.000149,0.000108,0.012682,3.07,1E-05,0.003995
3,0.177424,4.41,2.7,0.000144,0.000302,1.2E-05,0.003737,5.4E-05,0.103182
4,0.132864,93.76,327.7,0.002164,0.127307,2.32,3.19,0.001127,1.29
5,0.130451,2.56,12.01,0.000145,0.001581,0.117098,0.003641,4.4E-05,0.025349
6,0.115682,1.03,2.34,0.000159,0.000101,0.013837,3.23,1E-05,0.004306
7,0.119414,4.51,2.85,0.000138,0.000204,1.1E-05,0.004048,6E-05,0.090606
8,0.118398,90.95,338.25,0.002328,0.135998,2.36,2.99,0.001301,1.27
9,0.115729,2.44,11.59,0.000139,0.001651,0.122278,0.004031,4.8E-05,0.023791
10,0.116184,1.24,2.38,0.000156,1E-04,0.013229,2.99,1E-05,0.004105
11,0.113213,4.57,2.9,0.00014,0.000204,1.1E-05,0.00402,6E-05,0.112258
12,0.117597,99.06,346.43,0.002443,0.104591,2.45,2.83,0.001389,1.18
13,0.105767,2.54,11.64,0.000153,0.001655,0.122084,0.003754,5.4E-05,0.024832
14,0.099854,1.32,2.36,0.000169,9.6E-05,0.013902,2.98,1E-05,0.004091
15,0.10207,5.01,2.84,0.000146,0.00022,1.6E-05,0.003943,6.4E-05,0.118722
16,0.088152,91.9,339.1,0.002302,0.082198,2.36,2.8,0.001287,1.18
17,0.116828,2.58,11.41,0.000155,0.001631,0.117264,0.00382,4.8E-05,0.026164
18,0.125197,1.4,2.33,0.000165,9.5E-05,0.011196,2.92,1.1E-05,0.004399
19,0.132628,5.17,2.89,0.000158,0.000228,1.6E-05,0.003898,7.7E-05,0.125951
20,0.127516,91.51,345.09,0.0023,0.083033,2.03,3.19,0.001416,1.15
21,0.129348,2.53,11.55,0.000156,0.001639,0.121569,0.00377,4.8E-05,0.029902
22,0.135448,1.39,2.45,0.000166,9.9E-05,0.011764,3.29,1.1E-05,0.004751
23,0.155623,5.22,3,0.000154,0.000239,1.2E-05,0.003838,5.7E-05,0.131286
24,0.148698,82.68,331.85,0.002101,0.062497,1.61,3.68,0.001176,1.07
25,0.130319,2.55,11.53,0.000157,0.001626,0.116721,0.003706,4.2E-05,0.030908
26,0.117797,1.37,2.44,0.000157,9.9E-05,0.012042,3.25,1E-05,0.004798
27,0.140358,5.68,3.34,0.000164,0.000269,3.5E-05,0.004111,5.1E-05,0.126835
28,0.140028,84.62,350.79,0.002174,0.06437,1.74,3.15,0.000985,1.12
29,0.147426,2.52,11.54,0.000169,0.001663,0.115944,0.003702,4.8E-05,0.02868
30,0.199587,1.24,2.43,0.000146,9.6E-05,0.012312,3.32,9E-06,0.005799
31,0.009458,5.55,3.4,0.000171,0.000247,3.5E-05,0.003763,5.6E-05,0.13011
32,0.197073,78.12,346.58,0.001972,0.062089,1.55,2.65,0.000941,1.02
33,0.009951,2.48,11.54,0.000161,0.001599,0.120379,0.004507,4.3E-05,0.032816
34,0.200644,1.25,2.46,0.000143,9.9E-05,0.014285,3.07,9E-06,0.005094
35,0.009032,5.36,3.36,0.000156,0.00023,1.2E-05,0.00454,5.2E-05,0.122028
36,0.19101,78.32,330.05,0.002111,0.059906,1.52,3.14,0.000943,1.14
37,0.010176,2.5,11.53,0.000161,0.001701,0.120743,0.004682,4.6E-05,0.024521
38,0.198331,1.25,2.35,0.000133,9.3E-05,0.014737,3.24,9E-06,0.004746
39,0.011682,4.8,2.97,0.00014,0.000241,4E-05,0.004397,5.2E-05,0.11864
40,0.193836,94.87,342.43,0.002404,0.057201,1.72,3.39,0.001053,1.35
41,0.012167,2.55,11.41,0.00017,0.001706,0.121468,0.004471,4.3E-05,0.023209
42,0.202588,1.28,2.39,0.00015,9.3E-05,0.016369,3.69,1.1E-05,0.004482
43,0.012234,5.11,3.18,0.000142,0.000259,8E-06,0.004541,5.3E-05,0.130112
44,0.212795,92.14,324.26,0.002058,0.050999,1.69,3.69,0.00094,1.12
45,0.013997,2.54,11.54,0.00017,0.00156,0.120254,0.004147,4.8E-05,0.023499
46,0.193733,1.21,2.36,0.000148,9.5E-05,0.018494,4.15,1.1E-05,0.004032
47,0.012269,5.25,3.43,0.00016,0.000236,8E-06,0.004302,5.2E-05,0.12471
48,0.205184,104.31,333,0.002182,0.06663,1.71,4.01,0.001022,1.26
49,0.013592,2.55,11.64,0.000171,0.001612,0.113968,0.004261,4.9E-05,0.021837
50,0.204258,1.32,2.46,0.000164,0.000107,0.018751,3.58,1.2E-05,0.00385
51,0.014453,5.12,3.87,0.000126,0.00023,4.2E-05,0.00427,5.6E-05,0.142181
52,0.219249,83.5,313.84,0.001987,0.047159,1.49,3.13,0.000926,0.990986
53,0.015005,2.67,11.78,0.000176,0.001489,0.111834,0.004205,4.7E-05,0.022273
54,0.220303,1.37,2.37,0.000172,0.000108,0.022793,3.63,1.1E-05,0.003763
55,0.017017,5.11,3.75,0.000136,0.000315,3.7E-05,0.003677,6.5E-05,0.163324
56,0.229476,79.87,298.86,0.001999,0.036413,1.52,3.33,0.000929,0.850978
57,0.015436,2.52,11.72,0.000181,0.001627,0.115461,0.003475,4.6E-05,0.027214
58,0.245213,1.43,2.37,0.000183,0.000102,0.021544,3.94,1.1E-05,0.004106
59,0.018939,5.37,3.33,0.000155,0.000313,3.7E-05,0.003455,6.5E-05,0.173295
60,0.251497,81.29,284.36,0.002037,0.036838,1.35,2.97,0.000966,0.890119
61,0.018237,2.58,12.21,0.000176,0.001663,0.120313,0.00786,4.2E-05,0.019343
62,0.261466,1.42,2.32,0.000191,0.000101,0.022834,3.28,1E-05,0.004343
63,0.016771,5.78,3.07,0.000139,0.000337,2.4E-05,0.007004,7.1E-05,0.169671
64,0.256811,84.3,236.24,0.001812,0.036309,1.2,3.35,0.000838,0.694622
65,0.019724,2.47,12.71,0.000183,0.001637,0.122148,0.005962,4E-05,0.021622
66,0.228357,1.36,2.31,0.000192,0.000103,0.023914,3.18,9E-06,0.00427
67,0.033319,6.19,2.8,0.00014,0.000315,2.4E-05,0.005633,6.2E-05,0.166965
68,0.219012,79.2,301.29,0.002248,0.039431,1.56,3.3,0.001084,0.926039
69,0.205196,2.42,13,0.000178,0.001578,0.122205,0.00452,3.7E-05,0.020287
70,0.200064,1.43,2.34,0.000188,0.000109,0.023245,3.33,9E-06,0.004597
71,0.181779,6.66,2.87,0.000142,0.000353,3.8E-05,0.004727,6.2E-05,0.167956
72,0.169204,91.41,325.97,0.002178,0.02876,1.76,3.45,0.001126,1.08
73,0.198538,2.34,12.26,0.000165,0.001422,0.11983,0.003556,3.6E-05,0.01692
74,0.191566,1.41,2.43,0.000197,1E-04,0.023012,3.45,1E-05,0.00414
75,0.187904,6.73,2.85,0.000142,0.000326,0.000143,0.00359,6.7E-05,0.164932
76,0.166957,95.39,318.4,0.002223,0.03436,1.79,3.09,0.001179,1.13
77,0.177739,2.26,11.14,0.000152,0.001378,0.121142,0.003659,3.6E-05,0.01754
78,0.193841,1.42,2.38,0.000203,0.000107,0.023516,3.42,1.1E-05,0.005015
79,0.204945,6.48,2.8,0.000144,0.000328,1E-05,0.003633,7.1E-05,0.17318
80,0.305943,108.79,320.11,0.002282,0.034576,1.81,3.3,0.001234,1.08
81,0.009615,2.48,11.42,0.000174,0.001519,0.119664,0.00374,3.7E-05,0.018048
82,0.297123,1.28,2.38,0.000208,0.000114,0.024321,3.21,1E-05,0.005822
83,0.010021,6.69,2.82,0.000149,0.00038,1E-05,0.003761,7.1E-05,0.163062
84,0.360362,119.35,323.14,0.002338,0.035932,1.94,3.5,0.001258,1.27
85,0.00959,2.66,11.22,0.000181,0.001681,0.127231,0.003783,3.6E-05,0.019912
86,0.342233,1.27,2.44,0.000185,0.000111,0.023861,3.78,1E-05,0.007284
87,0.009394,6.32,2.91,0.000153,0.000267,1.99,0.00391,6.6E-05,0.192423
88,0.327665,129.6,333.21,0.002393,0.036012,0.129451,3.83,0.001253,1.23
89,0.009594,2.38,11.69,0.00018,0.002251,0.025178,0.003925,3.8E-05,0.018367
90,0.278057,1.33,2.33,0.000204,0.00011,2.06,4.01,1.1E-05,0.00458
91,0.009815,5.81,2.78,0.000152,0.000264,0.133593,0.004143,6.7E-05,0.204234
92,0.264949,153.39,343.91,0.002598,0.039437,0.024794,4.07,0.001344,1.37
93,0.010101,2.33,11.28,0.00018,0.001382,1E-05,0.003978,3.7E-05,0.018661
94,0.279408,1.31,2.38,0.000205,0.000112,2.06,3.98,1E-05,0.004377
95,0.009873,6.19,2.9,0.000172,0.000275,0.126321,0.003847,6.3E-05,0.193392
96,0.297881,143.07,347.17,0.002698,0.039971,0.026629,3.66,0.001433,1.44
97,0.009192,2.29,10.92,0.000176,0.001372,1E-05,0.003464,3.6E-05,0.019853
98,0.268989,1.36,2.49,0.000193,0.000113,1.99,3.54,1E-05,0.004421
99,0.009354,6.42,2.98,0.000178,0.000324,0.116388,0.003245,7.2E-05,0.20492
100,0.263496,131.14,327.23,0.002687,0.040176,0.033,3.59,0.001369,1.37
101,0.009219,2.17,11.27,0.000162,0.00125,1.5E-05,0.003358,3.6E-05,0.016443
102,0.24196,1.36,2.51,0.00017,0.000105,1.76,3.23,9E-06,0.004862
103,0.009455,6.54,2.84,0.000192,0.000321,0.114671,0.003711,7.2E-05,0.207682
104,0.238167,102.23,316.13,0.002332,0.040082,0.031748,3.36,0.001242,1.4
105,0.009491,2.25,11.39,0.00014,0.00126,1.4E-05,0.002874,3.4E-05,0.01282
106,0.22797,1.24,2.45,0.000176,0.000105,2.12,3.27,9E-06,0.004354
107,0.009333,5.36,3.08,0.000203,0.000169,0.108246,0.003281,7.3E-05,0.207967
108,0.229099,119.28,356.39,0.00274,0.046292,0.035026,3.57,0.001385,1.79
109,0.009121,2.19,11.45,0.000157,0.00125,1.4E-05,0.003248,3.5E-05,0.013736
110,0.229508,1.23,2.47,0.000182,0.00011,2.12,3.66,9E-06,0.004438
111,0.010032,4.97,2.64,0.000136,0.000162,0.107923,0.003688,7.1E-05,0.209575
112,0.224476,73.45,350.17,0.002769,0.045363,0.038067,3.43,0.001382,1.49
113,0.010496,2.15,11.36,0.000122,0.00129,1.4E-05,0.003578,3.4E-05,0.014107
114,0.206529,1.27,2.51,0.000171,0.000101,2.41,3.28,1E-05,0.004134
115,0.0104,4.9,2.32,0.000146,0.000136,0.1074,0.003838,7.1E-05,0.203632
116,0.192194,65.44,393.35,0.00302,0.047623,0.03078,3.52,0.001475,1.79
117,0.010406,2.39,11.45,0.000121,0.001243,2.4E-05,0.003874,3.4E-05,0.013871
118,0.219978,1.33,2.54,0.000181,1E-04,1.82,2.77,1.1E-05,0.004595
119,0.010211,4.94,2.27,0.000137,0.000116,0.180937,0.003996,7E-05,0.122843
120,0.215425,102.99,279.15,0.002079,0.06812,0.01961,2.99,0.001096,1.45
121,0.01015,2.96,9.2,0.000189,0.001316,1.93,0.003813,4E-05,0.025594
122,0.240588,0.83423,2.31,8E-05,9.9E-05,0.165243,3.76,1.2E-05,0.005176
123,0.009958,2.63,1.79,4.6E-05,0.000239,0.019884,0.004768,4.1E-05,0.069895
124,0.234459,102.66,285.94,0.002333,0.067406,1.93,3.46,0.001107,1.42
125,0.009848,2.83,9.67,0.000203,0.001325,0.145975,0.004278,4.1E-05,0.028718
126,0.20432,0.928499,2.54,8.5E-05,9E-05,0.016564,4.32,1.1E-05,0.005745
127,0.009876,1.8,1.79,4.4E-05,0.000194,3E-06,0.004293,4.5E-05,0.09786
128,0.1964,95.84,283.93,0.002939,0.062944,1.9,3.78,0.001177,1.29
129,0.010872,3.12,8.61,0.000184,0.001158,0.161669,0.005345,3.7E-05,0.028505
130,0.200115,0.974448,2.39,0.000116,9.1E-05,0.015937,3.51,1.3E-05,0.005491
131,0.010844,1.88,1.61,5E-05,0.000189,4E-06,0.005959,4.4E-05,0.038147
132,0.201205,87.42,275.69,0.00149,0.065353,1.95,3.26,0.000975,1.24
133,0.011361,2.89,9.07,0.000234,0.001301,0.166782,0.006342,4.2E-05,0.027765
134,0.214148,0.952027,2.14,1E-04,9.2E-05,0.015717,3.05,1.2E-05,0.005405
135,0.010276,2.2,1.9,5.2E-05,0.00021,3.2E-05,0.00602,5E-05,0.037925
136,0.246277,85.98,280.48,0.001552,0.068132,2.07,3.04,0.001034,1.07
137,0.010626,2.98,9.71,0.00021,0.001449,0.170469,0.006621,4.4E-05,0.029615
138,0.205301,0.923467,2.1,8.9E-05,8.5E-05,0.016823,3.05,1.2E-05,0.005206
139,0.009322,2.1,1.91,5.3E-05,0.000176,3.2E-05,0.00647,4.6E-05,0.042363
140,0.102324,83.21,286.13,0.001604,0.067357,2.17,2.97,0.001001,1.04
141,0.093891,2.87,9.34,0.000198,0.001484,0.161044,0.006907,4.1E-05,0.028126
142,0.103608,0.97476,2.24,8.6E-05,8E-05,0.014669,2.9,1E-05,0.005385
143,0.091705,1.87,1.93,5.5E-05,0.000177,7E-06,0.006976,4.7E-05,0.044519
144,0.092424,84.6,289.14,0.001594,0.07226,2.2,3.04,0.001036,1.12
145,0.103885,2.97,9.41,0.000239,0.001439,0.16134,0.007667,4.6E-05,0.034024
146,0.12592,0.989767,2.17,8.7E-05,7.6E-05,0.013805,3.01,1E-05,0.005413
147,0.154994,1.87,1.92,5.5E-05,0.000148,1.8E-05,0.007047,4.9E-05,0.045261
148,0.15811,86.25,293.2,0.001992,0.07623,2.14,2.95,0.001158,1.25
149,0.136749,2.9,9.85,0.000264,0.001544,0.158818,0.007327,4.1E-05,0.042851
