,bitbay,blocknet,ethereum,factom,ion,nem,nexus,siacoin,steem,stratis,tether,verge
0,0.03387,21.82,301.46,18.46,1.54,0.235162,1.78,0.00492,1.47,4.44,0.996488,0.006948
1,0.000679,0.344654,13.22,2.86,0.147674,0.004366,0.033144,0.000488,0.492349,0.029636,1,2.4E-05
2,0.000173,0.054008,0.738644,18.33,1.49,0.000151,0.001268,2.8E-05,1.64,4.47,1,1.4E-05
3,0.031617,20.02,291.47,2.92,0.134746,0.237538,1.73,0.004949,0.514415,0.029073,0.999863,0.006799
4,0.000539,0.250421,13.07,19.19,1.53,0.004006,0.038443,0.00047,1.43,4.79,1,2.4E-05
5,0.00017,0.05065,0.661146,2.99,0.121667,0.000149,0.001275,2.8E-05,0.505285,0.032441,1,1.6E-05
6,0.027409,19.06,299.15,19.81,1.56,0.238268,1.84,0.00511,1.22,4.77,1,0.006504
7,0.000583,0.272051,13.27,3.06,0.150565,0.004617,0.036282,0.000474,0.546937,0.034811,1,2.9E-05
8,0.000181,0.054619,0.582886,17.6,1.4,0.000139,0.001287,2.9E-05,1.09,4.39,1,1.7E-05
9,0.02466,20.11,306.47,2.94,0.151093,0.243301,2.05,0.00547,0.563659,0.035266,1,0.006354
10,0.000541,0.288572,13.1,17.31,1.38,0.00467,0.040866,0.00048,1.11,4.25,1,2.4E-05
11,0.00018,0.048279,0.720839,3.05,0.150203,0.00013,0.001255,3E-05,0.604818,0.03611,1,1.4E-05
12,0.025576,21.84,287.44,16.53,1.26,0.228646,2.11,0.004835,1.07,3.97,1,0.006239
13,0.000544,0.310075,12.82,3.21,0.10551,0.004988,0.032959,0.000487,0.597275,0.038854,1,2.4E-05
14,0.000176,0.039962,0.785964,17.07,1.32,0.000131,0.001411,3.3E-05,1.08,4.23,1,1.6E-05
15,0.024268,22.42,292.33,2.99,0.150715,0.232506,1.95,0.0048,0.484293,0.035526,1,0.006058
16,0.000568,0.318682,13.1,15.56,1.24,0.005066,0.033637,0.000487,1.01,3.93,1,2.4E-05
17,0.000179,0.040059,0.736223,3.05,0.145443,0.000134,0.001454,3.1E-05,0.485323,0.034466,1,1.6E-05
18,0.020294,20.4,282.48,14.84,1.23,0.216154,2.04,0.004814,1.01,4.03,1,0.005772
19,0.000557,0.301306,12.88,3.11,0.137316,0.005167,0.040401,0.000498,0.418853,0.034957,0.999999,2.4E-05
20,0.000169,0.046003,0.81361,17.49,1.36,0.000116,0.001283,3.3E-05,1.12,4.75,1,1.4E-05
21,0.020132,20.84,286.17,3.04,0.137034,0.222205,2.25,0.004736,0.450762,0.036401,1,0.005568
22,0.000615,0.309094,13.33,18.55,1.33,0.005251,0.034673,0.000498,1.09,4.85,0.999999,3E-05
23,0.000159,0.049841,0.893406,3.3,0.094441,0.00012,0.001234,3.2E-05,0.478526,0.03405,1,1.4E-05
24,0.019281,20.26,264.31,19.63,1.37,0.210635,2.28,0.003836,1.22,5.37,1,0.005389
25,0.00062,0.320789,13.25,3.3,0.158576,0.005299,0.036967,0.000505,0.52353,0.036501,0.999999,3E-05
26,0.000166,0.054479,0.901796,17.35,1.22,0.00013,0.001236,3.2E-05,1.09,4.44,1,1.5E-05
27,0.019394,19.94,258.58,3.39,0.175719,0.210871,2.64,0.003971,0.528477,0.033547,1,0.005474
28,0.00065,0.323936,13.77,17.89,1.23,0.005415,0.037639,0.000519,1.12,4.39,0.999988,2.4E-05
29,0.000181,0.056099,0.919047,3.24,0.169823,0.000102,0.001634,3E-05,0.514227,0.034574,1,1.4E-05
30,0.022416,22.34,283.74,18.05,1.28,0.231746,3.27,0.004523,1.14,4.62,1,0.006352
31,0.000664,0.353049,14.43,3.3,0.169917,0.005127,0.03948,0.000536,0.509801,0.038852,0.999999,2.5E-05
32,0.000173,0.040671,0.938445,15.15,1.08,1E-04,0.001394,2.8E-05,0.994543,3.78,1,1.6E-05
33,0.020259,24.05,282.8,3.5,0.152695,0.237664,3.15,0.004583,0.573209,0.037704,1,0.00631
34,0.000704,0.36707,13.19,20.37,1.4,0.00516,0.039918,0.000493,1.23,5.01,0.999999,3E-05
35,0.000185,0.043608,0.882391,3.53,0.152289,0.000102,0.002079,2.8E-05,0.590609,0.036959,1,1.4E-05
36,0.022184,24.03,293.5,22.1,1.5,0.248516,3.68,0.005259,1.22,5.53,1,0.006548
37,0.00068,0.36839,12.43,3.78,0.243255,0.005174,0.039047,0.0005,0.630221,0.034792,0.999923,3.1E-05
38,0.000174,0.03047,0.853685,23.37,1.5,1E-04,0.001487,3E-05,1.23,5.6,1,1.4E-05
39,0.019433,20.8,251.75,3.25,0.175949,0.204067,3.15,0.004036,0.641134,0.037784,1.01,0.005924
40,0.000695,0.381244,12.7,23.51,1.66,0.005274,0.038811,0.000497,1.32,5.86,0.999999,4.2E-05
41,0.000162,0.043545,0.874231,2.89,0.168361,0.000108,0.001229,3E-05,0.71776,0.047915,1,1.4E-05
42,0.020949,20.19,246.52,25.07,2.08,0.207831,3.12,0.004298,1.4,5.76,1,0.005909
43,0.000686,0.33997,12.56,2.89,0.137043,0.005499,0.038543,0.000494,0.640861,0.030533,0.999999,3E-05
44,0.000164,0.042758,0.907175,26.27,1.31,0.000106,0.001301,3E-05,1.37,5.71,1,1.5E-05
45,0.018954,19.98,250.46,2.91,0.172401,0.211752,2.94,0.003731,0.634152,0.026794,1.01,0.005318
46,0.000653,0.377844,11.94,27.98,1.48,0.005674,0.036839,0.000498,1.56,6.17,0.999993,2.1E-05
47,0.000181,0.04464,0.94441,2.86,0.169135,9.9E-05,0.001279,3.5E-05,0.739936,0.027648,1,1.4E-05
48,0.015422,14.93,213.91,26.46,1.48,0.164254,2.68,0.003693,1.56,6.22,1,0.0047
49,0.000697,0.336395,11.92,2.9,0.134293,0.005695,0.037726,0.000511,0.77924,0.024576,1,2.4E-05
50,0.000159,0.044703,0.875622,25.3,1.38,9E-05,0.001342,3.5E-05,1.34,6.03,1,1.5E-05
51,0.01905,18.23,277.11,2.97,0.128919,0.233825,3.54,0.005634,0.806667,0.022383,1,0.006433
52,0.000708,0.38233,11.92,24.3,1.36,0.005876,0.036971,0.0005,1.17,5.77,1,2.4E-05
53,0.000136,0.041546,0.936003,2.83,0.093718,9E-05,0.001235,3.5E-05,0.823902,0.022118,1,1.6E-05
54,0.020365,20.41,291.46,27.64,1.61,0.249074,3.44,0.005721,1.39,6.59,1.01,0.007003
55,0.000718,0.501959,11.89,2.8,0.119685,0.005736,0.039748,0.000506,0.823506,0.023516,1,2.4E-05
56,0.000155,0.045032,1.04,27.2,1.64,8.7E-05,0.001369,3.3E-05,1.34,6.34,1,1.5E-05
57,0.021353,18.19,294.53,3.18,0.115189,0.252026,3.27,0.005858,0.822189,0.023228,1,0.007578
58,0.000748,0.503221,11.64,32.69,1.81,0.005716,0.034104,0.000502,1.59,7.25,1,3E-05
59,0.00015,0.037989,0.982978,3.38,0.145926,9.4E-05,0.001429,4.3E-05,0.814077,0.02209,1,1.6E-05
60,0.020718,20.75,288.75,14.58,1.22,0.256975,3.03,0.005716,0.943716,3.36,1.01,0.007962
61,0.000751,0.511424,12.17,2.14,0.134701,0.005874,0.039838,0.000529,0.131459,0.051525,1,2.5E-05
62,0.000162,0.044429,1.17,0.119383,1.24,9.1E-05,0.001193,4.8E-05,0.970985,3.82,1,1.7E-05
63,0.022972,21.89,294.4,15.3,0.119197,0.267264,3.05,0.005963,0.131225,0.052163,1,0.006945
64,0.000697,0.349638,11.65,2.22,1.31,0.006211,0.035226,0.000532,0.972884,4.04,1,1.9E-05
65,0.000151,0.042864,1.21,0.121739,0.147217,9E-05,0.001452,4.8E-05,0.131963,0.056596,1,1.4E-05
66,0.022333,21.6,296.5,14.67,1.62,0.268641,3.02,0.006098,0.941843,4.29,1.01,0.006869
67,0.000668,0.34515,11.35,2.09,0.151691,0.005664,0.03554,0.000521,0.154522,0.054974,1,2.1E-05
68,0.000158,0.043263,1.24,0.126992,1.02,9.9E-05,0.001362,7.8E-05,0.989806,4.4,1,1.2E-05
69,0.025943,25.12,329.43,14.89,0.131729,0.293376,3.21,0.007636,0.14225,0.051045,1,0.007367
70,0.000658,0.220703,11.55,2.31,1.05,0.0057,0.039785,0.000637,0.963551,4.39,1,2.4E-05
71,0.000165,0.04252,1.25,0.119221,0.130269,9.6E-05,0.001467,4.3E-05,0.154051,0.0451,1,1.4E-05
72,0.024249,25.73,334.34,15.48,1.11,0.301941,3.25,0.008119,0.998517,4.92,1.01,0.007867
73,0.000648,0.208308,11.69,2.6,0.16439,0.005703,0.038401,0.000444,0.17494,0.039468,1,1.9E-05
74,0.000154,0.046773,1.3,0.130548,1.12,9.6E-05,0.001291,2.9E-05,0.993993,4,1,1.7E-05
75,0.022118,26.05,312.99,15.1,0.117095,0.286227,2.91,0.007344,0.189853,0.039226,1,0.006843
76,0.000652,0.202453,11.72,2.66,1.06,0.005724,0.037276,0.000447,0.926321,3.38,1,1.8E-05
77,0.000173,0.041536,1.34,0.146076,0.115425,8.6E-05,0.001749,2.4E-05,0.200849,0.03926,1,1.4E-05
78,0.020947,24.51,295.17,15.47,1.1,0.27322,2.94,0.006659,0.974535,3.15,1.03,0.005827
79,0.00064,0.204591,11.68,2.62,0.115606,0.005647,0.036017,0.000452,0.228142,0.038163,1,1.9E-05
80,0.000178,0.032206,1.27,0.136166,1.14,9.7E-05,0.00167,2.5E-05,0.974472,3.02,1,1.6E-05
81,0.021934,28.67,347.48,15.94,0.108282,0.307264,3.28,0.008434,0.239264,0.037486,1,0.005725
82,0.00057,0.222046,11.76,2.73,1.27,0.005725,0.036565,0.000444,1.02,2.96,1,1.8E-05
83,0.000163,0.040907,1.26,0.139129,0.107905,8.9E-05,0.00114,2.5E-05,0.239862,0.03584,1,1.4E-05
84,0.023053,28.72,348.98,15.03,1.2,0.295884,2.74,0.008397,1.09,3.09,1.02,0.004931
85,0.000525,0.214598,12.11,2.69,0.14565,0.005618,0.034075,0.000437,0.234489,0.036885,1,2E-05
86,0.000178,0.041015,1.29,0.124429,1.14,8.8E-05,0.000919,2.8E-05,1.07,3.22,1,1.4E-05
87,0.024881,34.29,387.74,15.21,0.111721,0.33231,3.01,0.008824,0.244464,0.035577,1,0.005311
88,0.000499,0.177551,11.99,2.62,1.16,0.005569,0.030131,0.000441,1.06,3.06,1,1.8E-05
89,0.000175,0.044815,1.35,0.117835,0.108555,1E-04,0.001026,3E-05,0.251779,0.035226,1,1.4E-05
90,0.02432,19.15,305.88,15.22,1.29,0.186771,1.01,0.003613,1.05,2.98,1,0.007157
91,0.000531,0.218474,11,2.66,0.118916,0.003629,0.02032,0.000377,0.258242,0.038427,1,2.5E-05
92,0.000222,0.038044,0.916627,0.129291,1.27,0.000145,0.001269,3.5E-05,1.08,3.01,1,1.3E-05
93,0.02748,17.78,307.75,15.33,0.111733,0.200415,1.12,0.003752,0.262203,0.0376,1,7E-06
94,0.000554,0.213967,11.18,2.62,1.3,0.003712,0.021624,0.00038,1.06,2.85,1,0.005654
95,0.000229,0.038741,1.04,0.132037,0.140862,0.000158,0.001427,3.9E-05,0.264901,0.038391,1,2.1E-05
96,0.026616,18.27,305.09,15.93,1.26,0.201337,1.15,0.003778,1.03,3.14,1,1.6E-05
97,0.0006,0.220768,10.44,2.53,0.107707,0.003496,0.022506,0.000353,0.299119,0.033419,1,7E-06
98,0.00024,0.034347,1.21,0.142859,1.31,0.00014,0.001456,3.8E-05,1.04,3.12,1,0.005262
99,0.026662,18.17,296.3,16.7,0.107529,0.197236,1.11,0.003774,0.292611,0.035035,1,2.3E-05
100,0.000621,0.255962,11.09,2.58,1.31,0.003743,0.032532,0.00038,1.1,3.51,1,1.2E-05
101,0.00023,0.041129,1,0.149137,0.131228,0.00012,0.001372,3.7E-05,0.261232,0.037798,1,7E-06
102,0.02418,18.23,297.42,15.81,1.23,0.19794,1.15,0.003909,1.03,3.4,1,0.005275
103,0.000633,0.240964,11.5,2.39,0.134784,0.003936,0.026859,0.000413,0.303636,0.032182,1,2.1E-05
104,0.00022,0.042302,0.869641,0.171832,1.27,0.000117,0.001389,3.5E-05,1.06,3.35,1,1.6E-05
105,0.022364,19.65,296.53,16.56,0.138453,0.199005,1.18,0.003767,0.350211,0.030178,0.999868,4E-06
106,0.000563,0.273818,11.53,2.51,1.34,0.00381,0.029765,0.000425,1.12,3.51,1,0.005345
107,0.000217,0.035444,0.731317,0.110437,0.16591,0.000114,0.001338,3.4E-05,0.383549,0.030303,1,2.1E-05
108,0.023619,20.95,297.93,17.09,1.31,0.206495,1.26,0.003874,1.22,3.92,1,1.4E-05
109,0.000543,0.267105,11.41,2.58,0.171526,0.003908,0.03133,0.00045,0.37705,0.030634,1,1E-05
110,0.00021,0.050675,0.616039,0.112394,1.4,0.000119,0.001506,3.4E-05,1.21,3.69,1,0.005183
111,0.022413,20.63,298.33,16.46,0.146894,0.212616,1.28,0.003971,0.405304,0.028928,1,2.2E-05
112,0.000549,0.282816,11.97,2.63,1.4,0.003879,0.032776,0.000434,1.17,3.56,1,1.1E-05
113,0.000211,0.035444,0.56359,0.105835,0.137208,0.000123,0.001521,3.9E-05,0.417342,0.028109,1,1.1E-05
114,0.019529,19.45,286.95,16.91,1.4,0.199053,1.13,0.00349,1.18,3.64,0.996536,0.005393
115,0.000574,0.277311,12.04,2.72,0.143389,0.003751,0.032839,0.000435,0.40747,0.027891,1,2.6E-05
116,0.000216,0.036467,0.539657,0.125812,1.39,0.000119,0.001305,4.1E-05,1.23,3.81,1,1.4E-05
117,0.022617,24.2,295.45,16.37,0.146591,0.211949,1.07,0.003745,0.445752,0.031855,1,7E-06
118,0.000674,0.259362,12.07,2.54,1.41,0.003745,0.033629,0.000441,1.31,3.91,1,0.005794
119,0.000211,0.036542,0.567702,0.12511,0.146551,0.000118,0.00141,4.1E-05,0.443965,0.031769,1,2.6E-05
120,0.022619,23.44,300.19,16.67,1.51,0.212676,1.2,0.003667,1.41,4.13,1,1.4E-05
121,0.000556,0.264154,12.18,2.5,0.123591,0.003705,0.032449,0.000451,0.445635,0.031822,1,0.004639
122,0.000202,0.031525,0.447329,0.123532,1.27,0.000117,0.001491,4.5E-05,1,5.36,1,2.6E-05
123,0.021902,21.35,304.01,15.97,0.103539,0.215947,1.27,0.003794,0.149624,0.054847,1,1.4E-05
124,0.000495,0.258245,12.1,2.44,1.29,0.003738,0.029905,0.000442,0.935901,4.82,1,0.004736
125,0.000208,0.037553,0.434829,0.127369,0.360949,0.000117,0.001415,4E-05,0.163474,0.059511,1,2.7E-05
126,0.023036,21.17,308.09,15.44,1.53,0.220531,1.35,0.004019,1.15,6.47,1,1.5E-05
127,0.000536,0.268188,12.02,2.35,0.36053,0.003803,0.028412,0.000437,0.165117,0.054205,1,0.004749
128,0.000192,0.03466,0.489014,0.126844,1.49,0.000108,0.001378,5E-05,1.18,5.38,1,2.5E-05
129,0.022401,20.73,314.32,16.48,0.180792,0.220316,1.43,0.004245,0.181619,0.05809,1,1.3E-05
130,0.000504,0.263419,12.59,2.42,1.42,0.003875,0.033402,0.000396,1.1,4.56,1,0.004459
131,0.000202,0.041873,0.517734,0.130844,0.367608,0.000124,0.001374,5E-05,0.148442,0.062763,1,2.4E-05
132,0.022966,20.61,317.08,18.52,1.3,0.218207,1.31,0.004419,1.05,4.79,0.999335,1.1E-05
133,0.000524,0.254096,12.01,2.38,0.370801,0.003814,0.031273,0.000405,0.141849,0.067294,1,0.004905
134,0.000211,0.041775,0.547178,0.15307,1.25,0.000124,0.001426,4.3E-05,0.94505,4.25,1,2.5E-05
135,0.02455,20.39,333.38,17.62,0.333202,0.223181,1.37,0.004302,0.124169,0.068121,0.99801,1.4E-05
136,0.000513,0.278848,11.95,2.56,1.23,0.003988,0.031433,0.000414,0.959156,4,1,0.005028
137,0.000196,0.037768,0.536495,0.188214,0.11892,0.000117,0.001371,4.5E-05,0.110585,0.065426,1,2.6E-05
138,0.024303,22.13,336.6,18.11,1.24,0.2073,1.44,0.004155,1.01,3.73,0.999242,1.3E-05
139,0.000543,0.264536,11.98,2.57,0.120218,0.004003,0.027876,0.000429,0.11274,0.066165,1,0.004905
140,0.000196,0.029732,0.561878,17.06,1.23,0.000113,0.001386,3.8E-05,0.891775,3.46,1,2.6E-05
141,0.026285,23.25,339.63,2.58,1.23,0.210581,1.56,0.004138,0.113483,0.069432,0.999709,1.4E-05
142,0.000544,0.287989,11.94,16.82,0.083006,0.004275,0.028808,0.000437,0.908268,3.48,0.999999,0.005153
143,0.000193,0.041439,0.522968,2.28,1.21,0.000116,0.001376,3.5E-05,0.115479,0.075914,1,2.6E-05
144,0.02167,23.35,338.76,17.07,0.082723,0.211569,1.56,0.004265,0.911719,3.46,1,1.3E-05
145,0.000514,0.294865,11.96,2.34,1.17,0.004128,0.027752,0.000428,0.128057,0.079627,1,0.005463
146,0.000179,0.040773,0.607655,17.96,0.090509,0.000119,0.001361,4E-05,0.917951,3.5,1,2.6E-05
147,0.02296,22.35,304.14,2.39,1.21,0.206147,1.63,0.004474,0.114691,0.086462,0.997423,1.3E-05
148,0.000593,0.244579,11.93,23.39,0.090511,0.004045,0.02691,0.000428,0.894508,3.36,1,0.005141
149,0.000189,0.042547,0.62603,2.19,1.25,0.000117,0.001396,3.7E-05,0.102415,0.084937,1,2E-05
