,bytecoin-bcn,counterparty,emercoin,gulden,maidsafecoin,monero,ubiq
0,0.001392,11.57,0.683192,0.125029,0.483175,95.76,1.91
1,5.5E-05,4.22,0.404772,0.006895,0.091615,8.41,0.07806
2,2.8E-05,0.80768,0.031884,0.001552,0.02005,0.399882,0.022639
3,1.6E-05,1.94,0.004663,0.002251,0.0202,1.22,0.006599
4,0.001397,9.96,0.645319,0.120594,0.487756,94.5,1.71
5,6E-05,4.18,0.395467,0.007257,0.083986,8.71,0.083736
6,2.5E-05,0.851062,0.035068,0.00166,0.019698,0.435817,0.022183
7,1.6E-05,1.83,0.005243,0.002003,0.019897,1.15,0.010567
8,0.001429,9.92,0.676221,0.120248,0.493983,97.23,1.74
9,6E-05,4.33,0.381254,0.007227,0.082563,9.4,0.076241
10,3E-05,0.868107,0.036821,0.001798,0.020259,0.448998,0.021229
11,1.5E-05,1.9,0.003579,0.00222,0.018691,1.22,0.012676
12,0.00145,10.4,0.703118,0.119708,0.518422,101.04,1.7
13,6.1E-05,4.64,0.389836,0.006662,0.081824,9.31,0.069639
14,2.9E-05,0.860167,0.027623,0.001528,0.020044,0.43771,0.022398
15,1.6E-05,2.02,0.003108,0.00205,0.019166,1.31,0.015278
16,0.001293,10.03,0.64973,0.113432,0.49528,93.13,1.54
17,6.1E-05,4.43,0.384131,0.006685,0.084668,9.4,0.052392
18,2.9E-05,0.81413,0.034646,0.0015,0.020333,0.445105,0.022017
19,1.7E-05,2.03,0.003033,0.002508,0.0203,1.39,0.014974
20,0.001307,9.97,0.620475,0.116507,0.504641,93.64,1.59
21,6.4E-05,5.05,0.385347,0.00586,0.085326,10.24,0.048624
22,2.8E-05,0.827502,0.03812,0.001586,0.020501,0.451515,0.02211
23,1.7E-05,2.06,0.002915,0.002835,0.020607,1.4,0.012484
24,0.001219,9.94,0.588074,0.109203,0.475649,89.5,1.52
25,6E-05,5.05,0.384052,0.006494,0.086298,10.63,0.052423
26,3.3E-05,0.870585,0.029295,0.001345,0.020167,0.468678,0.023144
27,1.8E-05,2.1,0.003705,0.002724,0.021063,1.51,0.011879
28,0.001274,10.01,0.599213,0.113076,0.489933,91.85,1.48
29,6E-05,5.3,0.387971,0.00636,0.085741,10.77,0.053353
30,3.3E-05,0.864736,0.03009,0.001184,0.019276,0.464606,0.022953
31,1.8E-05,2.17,0.003707,0.002949,0.021609,1.47,0.01347
32,0.001139,9.67,0.561949,0.106939,0.459998,88.17,1.43
33,6.4E-05,5.13,0.386913,0.006132,0.084537,10.16,0.055248
34,3.3E-05,0.876154,0.022284,0.001193,0.020516,0.471829,0.022578
35,1.6E-05,2.05,0.004007,0.002767,0.020127,1.26,0.012624
36,0.001136,9.47,0.568891,0.107157,0.477865,86.24,1.43
37,6E-05,5.6,0.3903,0.006047,0.086662,9.92,0.059117
38,3.7E-05,0.859928,0.024716,0.001112,0.020181,0.480452,0.021284
39,1.7E-05,2.1,0.002576,0.00275,0.019276,1.27,0.011169
40,0.001272,10.72,0.641984,0.116936,0.568158,95.57,1.59
41,6.7E-05,5.24,0.384242,0.006088,0.083826,11.15,0.061202
42,3.6E-05,0.896094,0.027198,0.0011,0.020733,0.485971,0.022138
43,1.6E-05,2.01,0.002858,0.003345,0.018162,1.27,0.012848
44,0.001324,11.71,0.645111,0.117136,0.556714,97.72,1.58
45,6.7E-05,4.33,0.388284,0.006088,0.091622,10.56,0.063927
46,3.8E-05,0.896926,0.029619,0.001021,0.020845,0.496418,0.021648
47,1.7E-05,1.97,0.003411,0.002948,0.018023,1.45,0.013006
48,0.001426,12.19,0.664019,0.124325,0.589092,100.57,1.73
49,6.8E-05,4.84,0.398568,0.005882,0.095202,9.45,0.060387
50,4.6E-05,0.860981,0.046605,0.00101,0.020887,0.50044,0.022049
51,2E-05,2.03,0.004202,0.002698,0.018732,1.57,0.013344
52,0.001276,11.91,0.674043,0.112649,0.533679,93.74,1.61
53,7.2E-05,5.25,0.402881,0.005969,0.092253,9.68,0.059971
54,4.6E-05,0.870664,0.019945,0.001009,0.020662,0.494782,0.021414
55,1.6E-05,2.36,0.003669,0.003267,0.020251,1.77,0.016778
56,0.001259,10.42,0.788043,0.118668,0.535006,95.29,1.58
57,6.7E-05,5.35,0.400352,0.00736,0.093172,8.91,0.059804
58,4.6E-05,0.91584,0.020391,0.000996,0.020204,0.509974,0.021903
59,1.7E-05,2.24,0.003515,0.004262,0.019682,1.84,0.020972
60,0.001304,10.27,0.556243,0.123806,0.543111,99.85,1.6
61,6.6E-05,4.43,0.393819,0.0062,0.096942,9.41,0.070636
62,4.7E-05,0.892168,0.018456,0.001123,0.021046,0.502379,0.021708
63,1.7E-05,2.37,0.003794,0.004289,0.019656,1.9,0.023555
64,0.001194,8.91,0.45872,0.099666,0.408422,83.04,1.32
65,6.1E-05,4.81,0.397468,0.004895,0.097745,10.51,0.064471
66,5.1E-05,0.905034,0.023424,0.000876,0.020891,0.482289,0.023546
67,1.7E-05,2.44,0.004062,0.004365,0.01963,1.82,0.019383
68,0.001544,11.94,0.775586,0.118905,0.535843,111.33,1.7
69,6.1E-05,3.83,0.397955,0.004744,0.098242,10.88,0.058479
70,5.4E-05,0.93885,0.020123,0.00087,0.02105,0.462865,0.023817
71,1.7E-05,2.32,0.004184,0.004355,0.019294,1.85,0.019128
72,0.001772,13.03,0.781306,0.120963,0.597057,111.89,1.78
73,6.7E-05,3.77,0.404743,0.004267,0.099498,10.03,0.061248
74,5.8E-05,0.904803,0.020727,0.000896,0.020953,0.465473,0.024553
75,1.8E-05,2.43,0.004061,0.004695,0.019433,1.88,0.018313
76,0.001767,12.87,0.755877,0.126186,0.622159,112.75,1.89
77,6.1E-05,3.46,0.405535,0.003945,0.101593,10.69,0.071401
78,6.1E-05,0.994546,0.019947,0.00087,0.021638,0.495325,0.025263
79,1.7E-05,2.25,0.006152,0.005296,0.01921,1.94,0.023313
80,0.001565,11.31,0.733691,0.118546,0.615799,112.33,2.04
81,5.6E-05,3.26,0.425343,0.003739,0.106867,12.23,0.062687
82,6.1E-05,0.965053,0.020776,0.000885,0.022518,0.497247,0.025398
83,1.7E-05,2.24,0.00477,0.00471,0.019393,1.97,0.02055
84,0.001757,12.24,0.814464,0.128261,0.622342,116.27,2.2
85,6.1E-05,3.32,0.4216,0.003765,0.097851,12.43,0.059725
86,6.1E-05,0.910233,0.017147,0.000881,0.022692,0.506011,0.024979
87,1.8E-05,2.22,0.00404,0.005102,0.019013,1.77,0.018768
88,0.001708,11.64,0.795924,0.126594,0.61679,118.04,2.14
89,5.6E-05,3.33,0.425675,0.003666,0.098445,12.74,0.058271
90,6.4E-05,0.971999,0.015965,0.000975,0.022391,0.517402,0.027574
91,1.8E-05,2.21,0.005752,0.005195,0.018975,1.87,0.018965
92,0.001979,13.38,1.05,0.128401,0.673047,120.84,2.38
93,5.5E-05,3.14,0.417923,0.003306,0.092228,11.83,0.056557
94,6.3E-05,0.936059,0.017587,0.000846,0.023715,0.499452,0.02696
95,1.8E-05,2.42,0.003376,0.004923,0.019154,1.88,0.027876
96,0.002028,13.64,1.12,0.136549,0.678201,121.63,2.49
97,5.5E-05,3.28,0.417052,0.003192,0.089119,12.46,0.063701
98,6.4E-05,0.852171,0.020019,0.000799,0.023205,0.505111,0.025038
99,1.8E-05,2.48,0.003632,0.004942,0.019761,1.95,2.1
100,0.001947,13.56,1.02,0.12977,0.622122,118.82,0.055777
101,5.5E-05,3.55,0.419636,0.002984,0.096401,13.96,0.025406
102,6.1E-05,0.852152,0.017626,0.000838,0.022926,0.481594,2.14
103,1.8E-05,2.18,0.00362,0.005702,0.020485,1.98,0.058706
104,0.001881,12.18,1.01,0.125097,0.5732,106.17,0.021126
105,5.5E-05,3.48,0.43559,0.002847,0.088249,13.39,2.39
106,5.7E-05,0.91477,0.019007,0.000829,0.022651,0.467874,0.059256
107,1.8E-05,2.19,0.003423,0.006263,0.020666,2.05,0.021331
108,0.002181,13.96,1.15,0.130219,0.675906,126.01,2.52
109,5.4E-05,3.57,0.44043,0.002703,0.088898,10.59,0.057554
110,5.7E-05,0.861439,0.015824,0.000841,0.023126,0.45929,0.022235
111,1.7E-05,1.97,0.003462,0.006752,0.018871,2.03,2.64
112,0.002024,14.87,1.18,0.130026,0.66061,124.8,0.056656
113,5.8E-05,3.51,0.433993,0.002593,0.099269,10.21,0.019639
114,5.8E-05,0.859568,0.014908,0.000983,0.022549,0.468083,1.23
115,1.8E-05,1.98,0.003342,0.004647,0.017736,1.96,0.053046
116,0.002432,16.11,1.27,0.151822,0.713048,141.2,0.022281
117,5.7E-05,3.25,0.425111,0.00259,0.098073,8,0.00492
118,5.7E-05,0.87374,0.015038,0.000869,0.022075,0.458517,1.25
119,1.7E-05,2,0.00284,0.002782,0.018204,2.04,0.05544
120,0.00141,9.58,0.516107,0.099369,0.39058,87.64,0.02286
121,5.6E-05,2.89,0.252235,0.04337,0.072986,5.12,0.005992
122,3.4E-05,0.957048,0.043107,0.001464,0.015138,0.404538,1.28
123,1.1E-05,3.19,0.00677,0.001496,0.019121,0.607218,0.053451
124,0.001372,10.12,0.500381,0.095086,0.360841,88.84,0.024648
125,5.6E-05,3.09,0.257605,0.046721,0.077667,5.57,0.004947
126,3.5E-05,0.870561,0.037099,0.001555,0.016701,0.456442,1.31
127,1.1E-05,3.07,0.008636,0.001655,0.017532,0.614064,0.058776
128,0.001432,9.88,0.490882,0.095703,0.360492,88.65,0.024002
129,5.7E-05,3.15,0.26551,0.052118,0.07422,5.14,0.00679
130,3.6E-05,0.897914,0.037559,0.001715,0.016098,0.447103,1.34
131,1.1E-05,2.88,0.008389,0.001664,0.019442,0.63306,0.061915
132,0.001322,11.16,0.522192,0.092466,0.347635,86.31,0.023193
133,5.5E-05,3.54,0.272543,0.052116,0.07331,5.73,0.006978
134,3.6E-05,0.764659,0.041434,0.001767,0.014633,0.448829,1.31
135,1.2E-05,3.12,0.00894,0.001648,0.021258,0.689257,0.062305
136,0.001334,8.52,0.54487,0.097044,0.349003,86.75,0.02364
137,5.5E-05,3.77,0.27747,0.050824,0.082654,6.21,0.006764
138,3.6E-05,0.814794,0.035708,0.001756,0.015671,0.409574,1.4
139,1.2E-05,3.58,0.008545,0.00157,0.020665,0.722831,0.055471
140,0.001342,8.31,0.520488,0.104483,0.346785,88.58,0.023967
141,5.5E-05,3.47,0.281863,0.049671,0.088408,6.17,0.007671
142,3.5E-05,0.765071,0.029269,0.00178,0.013798,0.38796,1.4
143,1.2E-05,3.52,0.008692,0.001551,0.02124,0.694402,0.054277
144,0.001396,8.52,0.593678,0.095089,0.353409,88.13,0.021507
145,5.6E-05,3.85,0.345352,0.048708,0.089474,6.09,0.009095
146,3.3E-05,0.813605,0.029709,0.001769,0.013815,0.407067,1.31
147,1.2E-05,3.53,0.008683,0.001558,0.020945,0.739802,0.061263
148,0.001392,8.35,0.607522,0.093485,0.359573,88.4,0.023772
149,5.9E-05,3.83,0.28938,0.05214,0.090193,6.42,0.011331
