,bitcoindark,bytecoin-bcn,digibyte,digitalnote,gulden,maidsafecoin,nav-coin,reddcoin,viacoin
0,114.07,0.001392,0.015719,0.002303,0.125029,0.483175,0.929033,0.001217,1.46
1,2.61,5.5E-05,0.000324,0.000139,0.006895,0.091615,0.045146,4.3E-05,0.027427
2,1.1,2.8E-05,9.3E-05,0.000149,0.001552,0.02005,0.002278,1E-05,0.003995
3,4.41,1.6E-05,7.9E-05,0.000144,0.002251,0.0202,0.001073,5.4E-05,0.103182
4,93.76,0.001397,0.014781,0.002164,0.120594,0.487756,0.918849,0.001127,1.29
5,2.56,6E-05,0.000333,0.000145,0.007257,0.083986,0.052472,4.4E-05,0.025349
6,1.03,2.5E-05,8.9E-05,0.000159,0.00166,0.019698,0.002176,1E-05,0.004306
7,4.51,1.6E-05,7.9E-05,0.000138,0.002003,0.019897,0.001591,6E-05,0.090606
8,90.95,0.001429,0.015098,0.002328,0.120248,0.493983,1.02,0.001301,1.27
9,2.44,6E-05,0.000345,0.000139,0.007227,0.082563,0.050851,4.8E-05,0.023791
10,1.24,3E-05,9.3E-05,0.000156,0.001798,0.020259,0.002384,1E-05,0.004105
11,4.57,1.5E-05,7.9E-05,0.00014,0.00222,0.018691,0.00127,6E-05,0.112258
12,99.06,0.00145,0.015729,0.002443,0.119708,0.518422,0.994589,0.001389,1.18
13,2.54,6.1E-05,0.000351,0.000153,0.006662,0.081824,0.052427,5.4E-05,0.024832
14,1.32,2.9E-05,7.7E-05,0.000169,0.001528,0.020044,0.002141,1E-05,0.004091
15,5.01,1.6E-05,8.4E-05,0.000146,0.00205,0.019166,0.001426,6.4E-05,0.118722
16,91.9,0.001293,0.014439,0.002302,0.113432,0.49528,0.906095,0.001287,1.18
17,2.58,6.1E-05,0.000353,0.000155,0.006685,0.084668,0.050487,4.8E-05,0.026164
18,1.4,2.9E-05,7.7E-05,0.000165,0.0015,0.020333,0.002378,1.1E-05,0.004399
19,5.17,1.7E-05,8.5E-05,0.000158,0.002508,0.0203,0.001438,7.7E-05,0.125951
20,91.51,0.001307,0.01425,0.0023,0.116507,0.504641,0.81685,0.001416,1.15
21,2.53,6.4E-05,0.000349,0.000156,0.00586,0.085326,0.055674,4.8E-05,0.029902
22,1.39,2.8E-05,9.5E-05,0.000166,0.001586,0.020501,0.001787,1.1E-05,0.004751
23,5.22,1.7E-05,8.4E-05,0.000154,0.002835,0.020607,0.001035,5.7E-05,0.131286
24,82.68,0.001219,0.013505,0.002101,0.109203,0.475649,0.761072,0.001176,1.07
25,2.55,6E-05,0.000349,0.000157,0.006494,0.086298,0.05161,4.2E-05,0.030908
26,1.37,3.3E-05,9.8E-05,0.000157,0.001345,0.020167,0.002173,1E-05,0.004798
27,5.68,1.8E-05,7.7E-05,0.000164,0.002724,0.021063,0.001308,5.1E-05,0.126835
28,84.62,0.001274,0.013653,0.002174,0.113076,0.489933,0.841208,0.000985,1.12
29,2.52,6E-05,0.000355,0.000169,0.00636,0.085741,0.051772,4.8E-05,0.02868
30,1.24,3.3E-05,8.4E-05,0.000146,0.001184,0.019276,0.0021,9E-06,0.005799
31,5.55,1.8E-05,8.7E-05,0.000171,0.002949,0.021609,0.001089,5.6E-05,0.13011
32,78.12,0.001139,0.012606,0.001972,0.106939,0.459998,0.846573,0.000941,1.02
33,2.48,6.4E-05,0.000346,0.000161,0.006132,0.084537,0.052784,4.3E-05,0.032816
34,1.25,3.3E-05,6.8E-05,0.000143,0.001193,0.020516,0.002074,9E-06,0.005094
35,5.36,1.6E-05,7.9E-05,0.000156,0.002767,0.020127,0.001091,5.2E-05,0.122028
36,78.32,0.001136,0.012546,0.002111,0.107157,0.477865,0.790137,0.000943,1.14
37,2.5,6E-05,0.000352,0.000161,0.006047,0.086662,0.053,4.6E-05,0.024521
38,1.25,3.7E-05,5.8E-05,0.000133,0.001112,0.020181,0.002132,9E-06,0.004746
39,4.8,1.7E-05,8.2E-05,0.00014,0.00275,0.019276,0.000981,5.2E-05,0.11864
40,94.87,0.001272,0.014882,0.002404,0.116936,0.568158,0.917598,0.001053,1.35
41,2.55,6.7E-05,0.000347,0.00017,0.006088,0.083826,0.05294,4.3E-05,0.023209
42,1.28,3.6E-05,5.4E-05,0.00015,0.0011,0.020733,0.00227,1.1E-05,0.004482
43,5.11,1.6E-05,9E-05,0.000142,0.003345,0.018162,0.001427,5.3E-05,0.130112
44,92.14,0.001324,0.013977,0.002058,0.117136,0.556714,0.934326,0.00094,1.12
45,2.54,6.7E-05,0.000347,0.00017,0.006088,0.091622,0.055478,4.8E-05,0.023499
46,1.21,3.8E-05,5.9E-05,0.000148,0.001021,0.020845,0.002354,1.1E-05,0.004032
47,5.25,1.7E-05,9E-05,0.00016,0.002948,0.018023,0.001071,5.2E-05,0.12471
48,104.31,0.001426,0.01461,0.002182,0.124325,0.589092,1.06,0.001022,1.26
49,2.55,6.8E-05,0.000354,0.000171,0.005882,0.095202,0.061023,4.9E-05,0.021837
50,1.32,4.6E-05,5.9E-05,0.000164,0.00101,0.020887,0.002046,1.2E-05,0.00385
51,5.12,2E-05,9.1E-05,0.000126,0.002698,0.018732,0.000942,5.6E-05,0.142181
52,83.5,0.001276,0.012202,0.001987,0.112649,0.533679,0.999036,0.000926,0.990986
53,2.67,7.2E-05,0.000357,0.000176,0.005969,0.092253,0.062768,4.7E-05,0.022273
54,1.37,4.6E-05,5.7E-05,0.000172,0.001009,0.020662,0.002206,1.1E-05,0.003763
55,5.11,1.6E-05,9.8E-05,0.000136,0.003267,0.020251,0.001145,6.5E-05,0.163324
56,79.87,0.001259,0.012421,0.001999,0.118668,0.535006,0.97994,0.000929,0.850978
57,2.52,6.7E-05,0.000382,0.000181,0.00736,0.093172,0.054945,4.6E-05,0.027214
58,1.43,4.6E-05,5.4E-05,0.000183,0.000996,0.020204,0.002176,1.1E-05,0.004106
59,5.37,1.7E-05,0.000107,0.000155,0.004262,0.019682,0.001163,6.5E-05,0.173295
60,81.29,0.001304,0.012569,0.002037,0.123806,0.543111,0.967416,0.000966,0.890119
61,2.58,6.6E-05,0.000388,0.000176,0.0062,0.096942,0.0525,4.2E-05,0.019343
62,1.42,4.7E-05,5.3E-05,0.000191,0.001123,0.021046,0.002273,1E-05,0.004343
63,5.78,1.7E-05,0.000123,0.000139,0.004289,0.019656,0.001127,7.1E-05,0.169671
64,84.3,0.001194,0.011096,0.001812,0.099666,0.408422,0.66836,0.000838,0.694622
65,2.47,6.1E-05,0.00036,0.000183,0.004895,0.097745,0.051477,4E-05,0.021622
66,1.36,5.1E-05,5.3E-05,0.000192,0.000876,0.020891,0.002084,9E-06,0.00427
67,6.19,1.7E-05,0.000124,0.00014,0.004365,0.01963,0.00129,6.2E-05,0.166965
68,79.2,0.001544,0.014735,0.002248,0.118905,0.535843,0.944475,0.001084,0.926039
69,2.42,6.1E-05,0.000347,0.000178,0.004744,0.098242,0.051367,3.7E-05,0.020287
70,1.43,5.4E-05,5E-05,0.000188,0.00087,0.02105,0.002405,9E-06,0.004597
71,6.66,1.7E-05,0.000132,0.000142,0.004355,0.019294,0.00137,6.2E-05,0.167956
72,91.41,0.001772,0.016239,0.002178,0.120963,0.597057,1.14,0.001126,1.08
73,2.34,6.7E-05,0.000358,0.000165,0.004267,0.099498,0.051094,3.6E-05,0.01692
74,1.41,5.8E-05,5.1E-05,0.000197,0.000896,0.020953,0.002196,1E-05,0.00414
75,6.73,1.8E-05,0.000146,0.000142,0.004695,0.019433,0.00161,6.7E-05,0.164932
76,95.39,0.001767,0.017557,0.002223,0.126186,0.622159,1.11,0.001179,1.13
77,2.26,6.1E-05,0.000334,0.000152,0.003945,0.101593,0.054994,3.6E-05,0.01754
78,1.42,6.1E-05,5.4E-05,0.000203,0.00087,0.021638,0.002404,1.1E-05,0.005015
79,6.48,1.7E-05,0.000103,0.000144,0.005296,0.01921,0.001707,7.1E-05,0.17318
80,108.79,0.001565,0.015318,0.002282,0.118546,0.615799,1.18,0.001234,1.08
81,2.48,5.6E-05,0.000337,0.000174,0.003739,0.106867,0.056672,3.7E-05,0.018048
82,1.28,6.1E-05,5.7E-05,0.000208,0.000885,0.022518,0.002325,1E-05,0.005822
83,6.69,1.7E-05,0.000101,0.000149,0.00471,0.019393,0.001699,7.1E-05,0.163062
84,119.35,0.001757,0.01628,0.002338,0.128261,0.622342,1.34,0.001258,1.27
85,2.66,6.1E-05,0.000349,0.000181,0.003765,0.097851,0.055967,3.6E-05,0.019912
86,1.27,6.1E-05,5.4E-05,0.000185,0.000881,0.022692,0.002248,1E-05,0.007284
87,6.32,1.8E-05,8.1E-05,0.000153,0.005102,0.019013,0.00163,6.6E-05,0.192423
88,129.6,0.001708,0.016374,0.002393,0.126594,0.61679,1.29,0.001253,1.23
89,2.38,5.6E-05,0.00034,0.00018,0.003666,0.098445,0.050971,3.8E-05,0.018367
90,1.33,6.4E-05,5.4E-05,0.000204,0.000975,0.022391,0.002224,1.1E-05,0.00458
91,5.81,1.8E-05,8.2E-05,0.000152,0.005195,0.018975,0.001231,6.7E-05,0.204234
92,153.39,0.001979,0.018141,0.002598,0.128401,0.673047,1.5,0.001344,1.37
93,2.33,5.5E-05,0.000338,0.00018,0.003306,0.092228,0.053487,3.7E-05,0.018661
94,1.31,6.3E-05,4.8E-05,0.000205,0.000846,0.023715,0.002226,1E-05,0.004377
95,6.19,1.8E-05,8.6E-05,0.000172,0.004923,0.019154,0.000989,6.3E-05,0.193392
96,143.07,0.002028,0.019357,0.002698,0.136549,0.678201,1.58,0.001433,1.44
97,2.29,5.5E-05,0.000331,0.000176,0.003192,0.089119,0.072845,3.6E-05,0.019853
98,1.36,6.4E-05,4.8E-05,0.000193,0.000799,0.023205,0.002243,1E-05,0.004421
99,6.42,1.8E-05,9.2E-05,0.000178,0.004942,0.019761,0.001456,7.2E-05,0.20492
100,131.14,0.001947,0.019844,0.002687,0.12977,0.622122,1.35,0.001369,1.37
101,2.17,5.5E-05,0.000358,0.000162,0.002984,0.096401,0.033322,3.6E-05,0.016443
102,1.36,6.1E-05,5E-05,0.00017,0.000838,0.022926,0.002482,9E-06,0.004862
103,6.54,1.8E-05,0.000112,0.000192,0.005702,0.020485,0.001692,7.2E-05,0.207682
104,102.23,0.001881,0.019126,0.002332,0.125097,0.5732,1.26,0.001242,1.4
105,2.25,5.5E-05,0.00034,0.00014,0.002847,0.088249,0.0248,3.4E-05,0.01282
106,1.24,5.7E-05,4.7E-05,0.000176,0.000829,0.022651,0.00235,9E-06,0.004354
107,5.36,1.8E-05,0.000113,0.000203,0.006263,0.020666,0.001454,7.3E-05,0.207967
108,119.28,0.002181,0.025323,0.00274,0.130219,0.675906,1.47,0.001385,1.79
109,2.19,5.4E-05,0.000311,0.000157,0.002703,0.088898,0.022294,3.5E-05,0.013736
110,1.23,5.7E-05,4.8E-05,0.000182,0.000841,0.023126,0.002283,9E-06,0.004438
111,4.97,1.7E-05,0.000121,0.000136,0.006752,0.018871,0.001471,7.1E-05,0.209575
112,73.45,0.002024,0.02198,0.002769,0.130026,0.66061,1.43,0.001382,1.49
113,2.15,5.8E-05,0.000294,0.000122,0.002593,0.099269,0.017887,3.4E-05,0.014107
114,1.27,5.8E-05,4.8E-05,0.000171,0.000983,0.022549,0.00237,1E-05,0.004134
115,4.9,1.8E-05,0.000148,0.000146,0.004647,0.017736,0.001671,7.1E-05,0.203632
116,65.44,0.002432,0.025204,0.00302,0.151822,0.713048,1.9,0.001475,1.79
117,2.39,5.7E-05,0.000303,0.000121,0.00259,0.098073,0.017225,3.4E-05,0.013871
118,1.33,5.7E-05,5.1E-05,0.000181,0.000869,0.022075,0.002282,1.1E-05,0.004595
119,4.94,1.7E-05,0.000157,0.000137,0.002782,0.018204,0.001547,7E-05,0.122843
120,102.99,0.00141,0.00903,0.002079,0.099369,0.39058,0.867878,0.001096,1.45
121,2.96,5.6E-05,0.000324,0.000189,0.04337,0.072986,0.055525,4E-05,0.025594
122,0.83423,3.4E-05,0.000323,8E-05,0.001464,0.015138,0.001882,1.2E-05,0.005176
123,2.63,1.1E-05,4.7E-05,4.6E-05,0.001496,0.019121,0.000608,4.1E-05,0.069895
124,102.66,0.001372,0.009312,0.002333,0.095086,0.360841,1.03,0.001107,1.42
125,2.83,5.6E-05,0.000338,0.000203,0.046721,0.077667,0.054661,4.1E-05,0.028718
126,0.928499,3.5E-05,0.000339,8.5E-05,0.001555,0.016701,0.002046,1.1E-05,0.005745
127,1.8,1.1E-05,4.5E-05,4.4E-05,0.001655,0.017532,0.000579,4.5E-05,0.09786
128,95.84,0.001432,0.009126,0.002939,0.095703,0.360492,0.801441,0.001177,1.29
129,3.12,5.7E-05,0.000312,0.000184,0.052118,0.07422,0.051356,3.7E-05,0.028505
130,0.974448,3.6E-05,0.000327,0.000116,0.001715,0.016098,0.001814,1.3E-05,0.005491
131,1.88,1.1E-05,5E-05,5E-05,0.001664,0.019442,0.000632,4.4E-05,0.038147
132,87.42,0.001322,0.00909,0.00149,0.092466,0.347635,0.730116,0.000975,1.24
133,2.89,5.5E-05,0.000317,0.000234,0.052116,0.07331,0.050855,4.2E-05,0.027765
134,0.952027,3.6E-05,0.00027,1E-04,0.001767,0.014633,0.001872,1.2E-05,0.005405
135,2.2,1.2E-05,5.3E-05,5.2E-05,0.001648,0.021258,0.000893,5E-05,0.037925
136,85.98,0.001334,0.009309,0.001552,0.097044,0.349003,0.729305,0.001034,1.07
137,2.98,5.5E-05,0.000331,0.00021,0.050824,0.082654,0.048494,4.4E-05,0.029615
138,0.923467,3.6E-05,0.000253,8.9E-05,0.001756,0.015671,0.00182,1.2E-05,0.005206
139,2.1,1.2E-05,6E-05,5.3E-05,0.00157,0.020665,0.000883,4.6E-05,0.042363
140,83.21,0.001342,0.008977,0.001604,0.104483,0.346785,0.724429,0.001001,1.04
141,2.87,5.5E-05,0.000339,0.000198,0.049671,0.088408,0.051337,4.1E-05,0.028126
142,0.97476,3.5E-05,0.000241,8.6E-05,0.00178,0.013798,0.001818,1E-05,0.005385
143,1.87,1.2E-05,5.2E-05,5.5E-05,0.001551,0.02124,0.000785,4.7E-05,0.044519
144,84.6,0.001396,0.00932,0.001594,0.095089,0.353409,0.777,0.001036,1.12
145,2.97,5.6E-05,0.000335,0.000239,0.048708,0.089474,0.051408,4.6E-05,0.034024
146,0.989767,3.3E-05,0.000237,8.7E-05,0.001769,0.013815,0.001875,1E-05,0.005413
147,1.87,1.2E-05,5.6E-05,5.5E-05,0.001558,0.020945,0.000705,4.9E-05,0.045261
148,86.25,0.001392,0.009411,0.001992,0.093485,0.359573,0.838975,0.001158,1.25
149,2.9,5.9E-05,0.000334,0.000264,0.05214,0.090193,0.057745,4.1E-05,0.042851
