,bitshares,dogecoin,einsteinium,monero,nxt,syscoin
0,0.085699,0.001145,0.135851,95.76,0.076488,0.163465
1,0.004837,0.000235,0.001586,8.41,0.012146,0.009068
2,0.006251,0.000123,0.000108,0.399882,0.008176,0.000362
3,0.032881,0.000399,0.000302,1.22,0.028252,0.001493
4,0.082354,0.001082,0.127307,94.5,0.071052,0.158237
5,0.004872,0.000231,0.001581,8.71,0.012835,0.009346
6,0.006417,0.000121,0.000101,0.435817,0.008323,0.000362
7,0.030984,0.000396,0.000204,1.15,0.027248,0.001424
8,0.087078,0.00108,0.135998,97.23,0.072449,0.163082
9,0.004986,0.000229,0.001651,9.4,0.013583,0.009611
10,0.006273,0.000124,1E-04,0.448998,0.009037,0.000381
11,0.031776,0.000392,0.000204,1.22,0.028647,0.001372
12,0.088603,0.001173,0.104591,101.04,0.074724,0.17103
13,0.005107,0.000228,0.001655,9.31,0.0144,0.009519
14,0.006347,0.000122,9.6E-05,0.43771,0.009042,0.000365
15,0.033868,0.000375,0.00022,1.31,0.031015,0.001562
16,0.079328,0.001151,0.082198,93.13,0.06571,0.160996
17,0.005188,0.000229,0.001631,9.4,0.015034,0.009937
18,0.00633,0.000123,9.5E-05,0.445105,0.008994,0.000358
19,0.033929,0.000451,0.000228,1.39,0.031942,0.001514
20,0.081056,0.001141,0.083033,93.64,0.063894,0.151396
21,0.005128,0.000225,0.001639,10.24,0.01618,0.0104
22,0.005934,0.000122,9.9E-05,0.451515,0.008804,0.000372
23,0.030783,0.000375,0.000239,1.4,0.030945,0.001593
24,0.069554,0.000892,0.062497,89.5,0.059606,0.139399
25,0.004989,0.000226,0.001626,10.63,0.015271,0.009953
26,0.005881,0.000124,9.9E-05,0.468678,0.008709,0.000372
27,0.030656,0.000348,0.000269,1.51,0.031989,0.001662
28,0.070597,0.000954,0.06437,91.85,0.061825,0.144645
29,0.005,0.000224,0.001663,10.77,0.015359,0.010475
30,0.006384,0.000124,9.6E-05,0.464606,0.009305,0.000366
31,0.032094,0.000313,0.000247,1.47,0.033011,0.001502
32,0.069211,0.000772,0.062089,88.17,0.058817,0.14544
33,0.004992,0.000228,0.001599,10.16,0.016083,0.010618
34,0.006093,0.000126,9.9E-05,0.471829,0.008838,0.00037
35,0.030651,0.000298,0.00023,1.26,0.03193,0.00126
36,0.069107,0.000755,0.059906,86.24,0.059259,0.147306
37,0.005084,0.000231,0.001701,9.92,0.016298,0.010712
38,0.006693,0.00013,9.3E-05,0.480452,0.008449,0.00036
39,0.030029,0.000288,0.000241,1.27,0.029748,0.001338
40,0.079108,0.000862,0.057201,95.57,0.067742,0.16686
41,0.00499,0.000232,0.001706,11.15,0.015336,0.010855
42,0.007109,0.000126,9.3E-05,0.485971,0.008392,0.00038
43,0.031173,0.000292,0.000259,1.27,0.029902,0.001609
44,0.079411,0.00089,0.050999,97.72,0.068958,0.173756
45,0.005182,0.000236,0.00156,10.56,0.01669,0.010793
46,0.005874,0.000126,9.5E-05,0.496418,0.008483,0.000389
47,0.03002,0.000277,0.000236,1.45,0.029643,0.001556
48,0.089771,0.000947,0.06663,100.57,0.076242,0.187546
49,0.005188,0.00024,0.001612,9.45,0.017213,0.011374
50,0.005748,0.000127,0.000107,0.50044,0.008232,0.000377
51,0.031145,0.000298,0.00023,1.57,0.033117,0.001477
52,0.071629,0.000853,0.047159,93.74,0.067395,0.17909
53,0.005131,0.000236,0.001489,9.68,0.018094,0.011215
54,0.005228,0.000125,0.000108,0.494782,0.00826,0.000369
55,0.031356,0.000268,0.000315,1.77,0.034975,0.00128
56,0.072316,0.000867,0.036413,95.29,0.063342,0.185596
57,0.00537,0.00025,0.001627,8.91,0.018111,0.011555
58,0.004974,0.000124,0.000102,0.509974,0.008222,0.000368
59,0.034058,0.000294,0.000313,1.84,0.037837,0.001152
60,0.075739,0.000865,0.036838,99.85,0.065516,0.200703
61,0.005447,0.000233,0.001663,9.41,0.020093,0.011607
62,0.004625,0.000126,0.000101,0.502379,0.008122,0.000366
63,0.033437,0.000326,0.000337,1.9,0.037264,0.001155
64,0.07638,0.000854,0.036309,83.04,0.054695,0.142547
65,0.00573,0.000226,0.001637,10.51,0.019886,0.011812
66,0.004173,0.000125,0.000103,0.482289,0.008205,0.000367
67,0.036723,0.000345,0.000315,1.82,0.037692,0.001059
68,0.113004,0.001398,0.039431,111.33,0.076776,0.225008
69,0.005603,0.000225,0.001578,10.88,0.020054,0.011986
70,0.004276,0.000126,0.000109,0.462865,0.008077,0.000368
71,0.037656,0.000267,0.000353,1.85,0.041259,0.001044
72,0.120208,0.00144,0.02876,111.89,0.084199,0.277082
73,0.005328,0.000226,0.001422,10.03,0.02003,0.011579
74,0.004319,0.000127,1E-04,0.465473,0.008081,0.000357
75,0.038572,0.000205,0.000326,1.88,0.042218,0.00115
76,0.11317,0.001463,0.03436,112.75,0.082828,0.332996
77,0.004955,0.000226,0.001378,10.69,0.019888,0.011658
78,0.004211,0.000131,0.000107,0.495325,0.008483,0.000389
79,0.039063,0.000204,0.000328,1.94,0.041038,0.001208
80,0.101345,0.001395,0.034576,112.33,0.084298,0.276089
81,0.005146,0.000227,0.001519,12.23,0.020751,0.011838
82,0.004269,0.000129,0.000114,0.497247,0.008558,0.0004
83,0.040865,0.000186,0.00038,1.97,0.039558,0.001163
84,0.111051,0.001568,0.035932,116.27,0.088337,0.297113
85,0.005021,0.00023,0.001681,12.43,0.020501,0.011306
86,0.004479,0.00013,0.000111,0.506011,0.008445,0.000403
87,0.037151,0.000195,0.000267,1.77,0.036563,0.001155
88,0.110796,0.001596,0.036012,118.04,0.08752,0.284619
89,0.005514,0.000228,0.002251,12.74,0.02114,0.011656
90,0.00435,0.000131,0.00011,0.517402,0.008501,0.000425
91,0.038584,0.000175,0.000264,1.87,0.036888,0.00114
92,0.142661,0.001927,0.039437,120.84,0.103844,0.313873
93,0.005104,0.000242,0.001382,11.83,0.02147,0.01209
94,0.004827,0.00013,0.000112,0.499452,0.008494,0.000419
95,0.03267,0.000188,0.000275,1.88,0.037189,0.001305
96,0.16014,0.002019,0.039971,121.63,0.106607,0.314341
97,0.005257,0.000241,0.001372,12.46,0.021989,0.012233
98,0.004681,0.000132,0.000113,0.505111,0.008569,0.000367
99,0.032635,0.000211,0.000324,1.95,0.036257,0.001443
100,0.122084,0.001908,0.040176,118.82,0.09072,0.267107
101,0.005447,0.000236,0.00125,13.96,0.02047,0.012064
102,0.005072,0.00013,0.000105,0.481594,0.00803,0.000369
103,0.032433,0.000163,0.000321,1.98,0.034626,0.001295
104,0.110996,0.001786,0.040082,106.17,0.088583,0.200741
105,0.005409,0.000235,0.00126,13.39,0.019959,0.011537
106,0.00332,0.000125,0.000105,0.467874,0.008027,0.000347
107,0.031402,0.000157,0.000169,2.05,0.029254,0.001533
108,0.14144,0.002153,0.046292,126.01,0.106711,0.219417
109,0.005327,0.000236,0.00125,10.59,0.021362,0.012516
110,0.003249,0.000122,0.00011,0.45929,0.007875,0.00038
111,0.03259,0.00014,0.000162,2.03,0.028861,0.001516
112,0.148976,0.002226,0.045363,124.8,0.106538,0.189056
113,0.005707,0.000235,0.00129,10.21,0.022235,0.010262
114,0.003413,0.000126,0.000101,0.468083,0.008289,0.000414
115,0.027696,0.000132,0.000136,1.96,0.028283,0.001443
116,0.169329,0.002543,0.047623,141.2,0.119231,0.205573
117,0.005838,0.000232,0.001243,8,0.023075,0.009544
118,0.003353,0.000127,1E-04,0.458517,0.008048,0.000362
119,0.028243,0.000131,0.000116,2.04,0.027111,0.001555
120,0.073222,0.001124,0.06812,87.64,0.05826,0.211956
121,0.004173,0.00022,0.001316,5.12,0.006495,0.008318
122,0.004222,0.000137,9.9E-05,0.404538,0.007199,0.000477
123,0.017352,0.000236,0.000239,0.607218,0.019422,0.000628
124,0.056903,0.001151,0.067406,88.84,0.058622,0.244843
125,0.004239,0.000223,0.001325,5.57,0.006636,0.008211
126,0.004577,0.000151,9E-05,0.456442,0.007762,0.000503
127,0.01825,0.000238,0.000194,0.614064,0.020227,0.000679
128,0.054771,0.001173,0.062944,88.65,0.059357,0.239735
129,0.004062,0.000223,0.001158,5.14,0.006352,0.008071
130,0.004198,0.000141,9.1E-05,0.447103,0.008125,0.000464
131,0.020723,0.000242,0.000189,0.63306,0.019978,0.000643
132,0.051667,0.001037,0.065353,86.31,0.058275,0.260334
133,0.004126,0.000216,0.001301,5.73,0.006747,0.007848
134,0.004166,0.000126,9.2E-05,0.448829,0.007265,0.00044
135,0.021988,0.000256,0.00021,0.689257,0.021254,0.000705
136,0.052926,0.001052,0.068132,86.75,0.059179,0.23148
137,0.004303,0.000217,0.001449,6.21,0.006676,0.008302
138,0.003988,0.000118,8.5E-05,0.409574,0.007125,0.000449
139,0.022727,0.000251,0.000176,0.722831,0.021563,0.000616
140,0.052257,0.001051,0.067357,88.58,0.060045,0.22332
141,0.004421,0.000216,0.001484,6.17,0.007091,0.008627
142,0.003628,0.000116,8E-05,0.38796,0.007035,0.00052
143,0.022704,0.000249,0.000177,0.694402,0.021747,0.000616
144,0.05229,0.001056,0.07226,88.13,0.060751,0.224598
145,0.004476,0.000219,0.001439,6.09,0.007162,0.008911
146,0.003713,0.000116,7.6E-05,0.407067,0.007343,0.000498
147,0.022636,0.000246,0.000148,0.739802,0.021496,0.000751
148,0.053069,0.001092,0.07623,88.4,0.061198,0.204555
149,0.004487,0.000219,0.001544,6.42,0.007598,0.008324
