,decred,digixdao,lisk,pivx
0,34.58,79.88,5.82,3.21
1,0.977073,14.51,0.238563,0.003695
2,34.14,78.71,5.7,3.07
3,1.03,14.01,0.237278,0.003737
4,34.66,78.19,5.99,3.19
5,1.05,14.73,0.238588,0.003641
6,36.1,75.29,6.32,3.23
7,1.08,16.09,0.236408,0.004048
8,33.46,70.8,6.13,2.99
9,1.14,14.08,0.2375,0.004031
10,34.96,71.33,6.15,2.99
11,1.2,14.21,0.246723,0.00402
12,33.72,68.36,5.75,2.83
13,1.22,13.43,0.246655,0.003754
14,37.54,67.7,5.98,2.98
15,1.21,14.96,0.24303,0.003943
16,31.13,64.05,5.75,2.8
17,1.2,15.46,0.246458,0.00382
18,31.98,64.24,5.39,2.92
19,1.18,16.97,0.249115,0.003898
20,36.07,70.8,6.06,3.19
21,1.31,18.76,0.260103,0.00377
22,32.4,76.63,6.2,3.29
23,1.24,16.92,0.253032,0.003838
24,30.94,73.92,6.74,3.68
25,1.3,13.89,0.255169,0.003706
26,29.79,65.8,5.57,3.25
27,1.41,15.18,0.257226,0.004111
28,30.89,64.62,5.56,3.15
29,1.45,15.17,0.258762,0.003702
30,29.7,68.84,5.58,3.32
31,1.44,14.89,0.252934,0.003763
32,23.83,58.97,4.36,2.65
33,1.47,13.26,0.270973,0.004507
34,26.73,74.36,6.57,3.07
35,1.47,10.7,0.26255,0.00454
36,27.73,78,7.02,3.14
37,1.44,10.47,0.26851,0.004682
38,29.01,85.84,6.7,3.24
39,1.47,9.96,0.244939,0.004397
40,28.69,79.64,6.57,3.39
41,1.53,9.42,0.25199,0.004471
42,30.4,94,6.9,3.69
43,1.54,10.11,0.256735,0.004541
44,31.53,78.25,6.91,3.69
45,1.53,10.03,0.254201,0.004147
46,33.93,90.36,7.48,4.15
47,1.51,10.02,0.257372,0.004302
48,34.74,88.75,6.96,4.01
49,1.5,10.02,0.252891,0.004261
50,34.08,76.83,6.08,3.58
51,1.52,10.52,0.250393,0.00427
52,32.27,72.35,5.86,3.13
53,1.52,10.51,0.243393,0.004205
54,36.64,91.5,7.08,3.63
55,1.5,10.5,0.243732,0.003677
56,36.33,84.71,6.72,3.33
57,1.45,10.75,0.249354,0.003475
58,41.35,97.34,7.41,3.94
59,1.46,10.58,0.246301,0.003455
60,28.4,63.69,4.74,2.97
61,0.692514,11.07,0.162747,0.00786
62,30.25,61.32,4.93,3.28
63,0.780302,10.94,0.168472,0.007004
64,29.35,62.39,4.88,3.35
65,0.77073,10.81,0.150249,0.005962
66,30.96,59.35,4.68,3.18
67,0.781814,11.04,0.180549,0.005633
68,29.72,59.45,4.96,3.3
69,0.836105,11.55,0.188229,0.00452
70,30.22,60,5.18,3.33
71,0.860811,12,0.192679,0.004727
72,35,63.72,5.2,3.45
73,0.857861,11.34,0.186053,0.003556
74,27.59,59.85,5.53,3.45
75,0.87786,12.05,0.181246,0.00359
76,23.48,58.84,4.71,3.09
77,0.904782,11.26,0.170472,0.003659
78,26.1,62.25,4.74,3.42
79,0.907106,11.02,0.180245,0.003633
80,24.79,62.99,4.71,3.3
81,0.889927,11.76,0.189527,0.00374
82,24.82,64.55,4.93,3.21
83,0.887821,11.47,0.192647,0.003761
84,26.97,64.58,4.98,3.5
85,0.866963,11.62,0.181382,0.003783
86,27.4,70.52,5.14,3.78
87,0.884849,11.94,0.17934,0.00391
88,28.85,70.45,5.1,3.83
89,0.975003,11.95,0.181202,0.003925
90,27.23,71.09,4.96,4.01
91,0.906924,11.96,0.180824,0.004143
92,27.75,65.56,4.91,4.07
93,0.948144,12.11,0.179811,0.003978
94,28.15,71.42,4.79,3.98
95,0.980952,11.6,0.18523,0.003847
96,27.59,74.4,4.9,3.66
97,0.953763,11.42,0.202016,0.003464
98,28.86,67.55,4.98,3.54
99,0.94824,11.22,0.207292,0.003245
100,27.84,73.42,5.36,3.59
101,0.976486,11.46,0.211765,0.003358
102,27.84,66.8,4.92,3.23
103,0.981122,12.37,0.215994,0.003711
104,26.59,70.71,4.7,3.36
105,1.03,12.94,0.215135,0.002874
106,27.22,73.68,4.66,3.27
107,1.05,12.14,0.219517,0.003281
108,29.88,77.61,5.19,3.57
109,1.09,12.19,0.223432,0.003248
110,30.51,71.16,5.34,3.66
111,1.08,13.13,0.224222,0.003688
112,30.34,68.82,5.41,3.43
113,1.08,13.26,0.229213,0.003578
114,30.78,69.23,5.53,3.28
115,1.02,13.24,0.233913,0.003838
116,31.66,71.95,5.7,3.52
117,1.07,13.13,0.239255,0.003874
118,34.21,76.92,5.42,2.77
119,0.977,13.63,0.225496,0.003996
120,33.1,79.98,5.51,2.99
121,1.01,13.88,0.233642,0.003813
122,56.64,100.2,7.5,3.76
123,0.600124,8.76,0.169325,0.004768
124,48.94,94.82,6.9,3.46
125,0.597028,8.88,0.180705,0.004278
126,56,113.4,7.79,4.32
127,0.590771,9.15,0.168976,0.004293
128,60.04,106.83,7.89,3.78
129,0.582951,8.61,0.157288,0.005345
130,61.73,90.8,7.51,3.51
131,0.589909,9.09,0.162519,0.005959
132,49.96,89.87,8.04,3.26
133,0.614373,8.78,0.161149,0.006342
134,48.18,80.11,7.89,3.05
135,0.627662,10.85,0.162697,0.00602
136,42.97,79.46,7.49,3.04
137,0.662553,10.18,0.162994,0.006621
138,40.42,76.37,8.57,3.05
139,0.679494,9.17,0.163613,0.00647
140,34.14,72.05,9.68,2.97
141,0.712357,9.16,0.167896,0.006907
142,34.04,71.98,9.77,2.9
143,0.704841,8.83,0.164359,0.006976
144,35.06,70.88,9.74,3.04
145,0.751169,8.76,0.1598,0.007667
146,34.82,70.48,9.28,3.01
147,0.746159,8.8,0.163274,0.007047
148,32.04,77.06,8.28,2.95
149,0.725155,9,0.161771,0.007327
