,ardor,dash,ethereum-classic,monacoin,stellar,stratis,vertcoin,waves,zcoin
0,0.21235,327.14,12.98,0.468827,0.013858,4.44,1.03,5.04,13.29
1,0.16641,12.1,1.26,0.036988,0.002847,0.029636,0.036995,0.196706,12.86
2,0.174028,2.34,12.52,0.089207,0.001985,4.47,0.042791,4.93,13.86
3,0.177424,2.7,1.27,0.036522,0.003211,0.029073,0.060138,0.173167,13.01
4,0.132864,327.7,12.73,0.48225,0.013204,4.79,1.02,4.78,11.83
5,0.130451,12.01,1.25,0.038031,0.003066,0.032441,0.037135,0.17312,11.6
6,0.115682,2.34,12.65,0.09131,0.002055,4.77,0.04435,5.17,11.15
7,0.119414,2.85,1.2,0.085198,0.003212,0.034811,0.060648,0.173631,11.57
8,0.118398,338.25,11.24,0.44012,0.013863,4.39,0.93459,4.79,11.48
9,0.115729,11.59,1.2,0.038122,0.003149,0.035266,0.03483,0.173482,10.45
10,0.116184,2.38,10.86,0.093072,0.002091,4.25,0.044942,4.23,10.6
11,0.113213,2.9,1.21,0.091639,0.003174,0.03611,0.057433,0.174928,8.64
12,0.117597,346.43,10.44,0.469551,0.014378,3.97,1.02,3.97,7.52
13,0.105767,11.64,1.25,0.03746,0.002549,0.038854,0.035283,0.181455,6.6
14,0.099854,2.36,10.61,0.089498,0.002067,4.23,0.045586,3.97,6.59
15,0.10207,2.84,1.24,0.093478,0.003263,0.035526,0.064524,0.186626,6.92
16,0.088152,339.1,10.26,0.45098,0.012388,3.93,0.975175,3.77,6.3
17,0.116828,11.41,1.25,0.037493,0.002385,0.034466,0.035728,0.195984,8.51
18,0.125197,2.33,10.07,0.098864,0.002071,4.03,0.046272,3.64,8.52
19,0.132628,2.89,1.22,0.091014,0.00305,0.034957,0.065052,0.199509,8.67
20,0.127516,345.09,11.25,0.460741,0.012073,4.75,0.953256,4.07,8.53
21,0.129348,11.55,1.25,0.036396,0.002454,0.036401,0.034575,0.215727,9.15
22,0.135448,2.45,11.48,0.094487,0.002056,4.85,0.046636,4.16,9.09
23,0.155623,3,1.28,0.091468,0.003494,0.03405,0.074233,0.191414,10.72
24,0.148698,331.85,11.79,0.452316,0.011563,5.37,0.992858,4.34,11.59
25,0.130319,11.53,1.32,0.03843,0.002219,0.036501,0.036615,0.186632,10.84
26,0.117797,2.44,10.02,0.102697,0.002058,4.44,0.047475,3.64,9.71
27,0.140358,3.34,1.32,0.091506,0.00389,0.033547,0.079289,0.179221,12.13
28,0.140028,350.79,9.93,0.466693,0.011896,4.39,1.07,3.76,13.19
29,0.147426,11.54,1.32,0.03798,0.002083,0.034574,0.035117,0.167791,14.33
30,0.199587,2.43,10.24,0.095136,0.002082,4.62,0.047589,3.78,17.66
31,0.009458,3.4,1.28,0.096213,0.003965,0.038852,0.088989,0.1656,2.38
32,0.197073,346.58,9.13,0.448218,0.010776,3.78,1.09,3.09,15.54
33,0.009951,11.54,1.29,0.038693,0.002138,0.037704,0.035763,0.17306,3.11
34,0.200644,2.46,14.11,0.090337,0.002138,5.01,0.045246,3.95,13.92
35,0.009032,3.36,1.29,0.101706,0.004023,0.036959,0.080591,0.169045,3.44
36,0.19101,330.05,14.44,0.453647,0.0106,5.53,1.3,4.38,14.87
37,0.010176,11.53,1.32,0.039098,0.002085,0.034792,0.037247,0.171349,4.79
38,0.198331,2.35,14.61,0.090144,0.002142,5.6,0.050691,4.35,14.82
39,0.011682,2.97,1.34,0.102077,0.003464,0.037784,0.081322,0.160849,3.29
40,0.193836,342.43,13.66,0.47759,0.012236,5.86,0.955091,4.41,13.53
41,0.012167,11.41,1.42,0.039468,0.002052,0.047915,0.037639,0.162375,3.3
42,0.202588,2.39,14.89,0.093546,0.002223,5.76,0.049968,4.46,11.81
43,0.012234,3.18,1.4,0.104674,0.003612,0.030533,0.083602,0.166817,3.33
44,0.212795,324.26,15.2,0.449215,0.011794,5.71,0.81124,4.5,12.74
45,0.013997,11.54,1.44,0.038163,0.002127,0.026794,0.039006,0.162395,3.49
46,0.193733,2.36,17.81,0.098187,0.002295,6.17,0.049131,4.98,11.52
47,0.012269,3.43,1.48,0.121532,0.003872,0.027648,0.082101,0.160031,2.9
48,0.205184,333,19.02,0.466362,0.013455,6.22,0.810876,5.16,11.74
49,0.013592,11.64,1.47,0.039427,0.00209,0.024576,0.038268,0.166453,2.9
50,0.204258,2.46,16.58,0.097885,0.002243,6.03,0.049202,4.98,12.24
51,0.014453,3.87,1.45,0.122712,0.003456,0.022383,0.089561,0.170325,3.79
52,0.219249,313.84,15.84,0.418483,0.01121,5.77,0.688848,4.66,10.53
53,0.015005,11.78,1.46,0.039513,0.002162,0.022118,0.039767,0.165639,3.02
54,0.220303,2.37,18.57,0.092061,0.002228,6.59,0.050043,5.2,12.28
55,0.017017,3.75,1.34,0.110163,0.003072,0.023516,0.097816,0.165268,5.79
56,0.229476,298.86,20.08,0.427467,0.011699,6.34,0.629889,5.23,12.05
57,0.015436,11.72,1.39,0.04043,0.002082,0.023228,0.039808,0.171192,5.12
58,0.245213,2.37,21.94,0.094308,0.002159,7.25,0.052629,5.74,9.57
59,0.018939,3.33,1.44,0.106649,0.00299,0.02209,0.098649,0.161095,3.49
60,0.251497,284.36,10.62,0.429105,0.012096,3.36,0.707298,3.24,10
61,0.018237,12.21,0.903216,0.040502,0.002319,0.051525,0.039674,0.328016,3.52
62,0.261466,2.32,10.87,0.094745,0.002183,3.82,0.054814,3.48,9.57
63,0.016771,3.07,0.927473,0.103612,0.002896,0.052163,0.102126,0.353743,3.95
64,0.256811,236.24,10.86,0.388856,0.011038,4.04,0.479536,3.54,9.77
65,0.019724,12.71,0.889612,0.040574,0.001963,0.056596,0.046535,0.346814,3.6
66,0.228357,2.31,10.55,0.09543,0.002139,4.29,0.051867,3.46,9.73
67,0.033319,2.8,0.942647,0.1173,0.002943,0.054974,0.100928,0.337918,4.49
68,0.219012,301.29,10.38,0.479597,0.015328,4.4,0.704781,3.54,9.6
69,0.205196,13,0.995753,0.041182,0.001951,0.051045,0.050024,0.329201,2.39
70,0.200064,2.34,10.5,0.100929,0.002158,4.39,0.052979,3.62,10.66
71,0.181779,2.87,1.03,0.125161,0.003094,0.0451,0.099447,0.333643,1.79
72,0.169204,325.97,10.63,0.510081,0.016324,4.92,0.790181,3.7,9.66
73,0.198538,12.26,1.02,0.040943,0.00194,0.039468,0.042415,0.355961,1.17
74,0.191566,2.43,10.6,0.101603,0.002239,4,0.057118,3.76,9.45
75,0.187904,2.85,1.03,0.136267,0.002968,0.039226,0.099523,0.338372,1.7
76,0.166957,318.4,10.28,0.508828,0.016993,3.38,0.798137,3.67,9.67
77,0.177739,11.14,1.05,0.040567,0.001966,0.03926,0.040406,0.31363,1.61
78,0.193841,2.38,10.83,0.10361,0.002231,3.15,0.059632,3.58,10.58
79,0.204945,2.8,1.05,0.141297,0.002501,0.038163,0.102095,0.288693,1.11
80,0.305943,320.11,10.92,0.506391,0.016269,3.02,0.839306,3.58,11.06
81,0.009615,11.42,1.03,0.041076,0.002032,0.037486,0.042336,0.243799,0.901141
82,0.297123,2.38,11.22,0.101275,0.002208,2.96,0.059525,3.66,11.07
83,0.010021,2.82,1.04,0.130244,0.002278,0.03584,0.103826,0.240599,11.14
84,0.360362,323.14,11.34,0.511343,0.017095,3.09,0.864793,3.89,11.53
85,0.00959,11.22,1.05,0.040257,0.00202,0.036885,0.042888,0.249335,12.39
86,0.342233,2.44,11.53,0.096199,0.002195,3.22,0.067738,4.04,12.27
87,0.009394,2.91,1.06,0.156038,0.002178,0.035577,0.104455,0.245576,36.59
88,0.327665,333.21,11.92,0.52264,0.017447,3.06,0.81537,3.92,0.676966
89,0.009594,11.69,1.07,0.041699,0.001931,0.035226,0.042235,0.244299,38.19
90,0.278057,2.33,11.89,0.095,0.0023,2.98,0.063642,4.02,0.345835
91,0.009815,2.78,1.2,0.168369,0.002257,0.038427,0.105072,0.235213,42.84
92,0.264949,343.91,11.95,0.562123,0.020096,3.01,0.955678,3.8,0.37497
93,0.010101,11.28,0.992573,0.040722,0.001925,0.0376,0.035642,0.223403,38.06
94,0.279408,2.38,12.26,0.092209,0.002452,2.85,0.065944,4,0.424698
95,0.009873,2.9,0.991068,0.172756,0.002044,0.038391,0.111279,0.209668,35.68
96,0.297881,347.17,12.18,0.583702,0.020346,3.14,0.991602,3.97,0.451497
97,0.009192,10.92,1.01,0.039271,0.001925,0.033419,0.034442,0.205778,37.41
98,0.268989,2.49,11.96,0.092237,0.002527,3.12,0.075518,3.69,0.578698
99,0.009354,2.98,1.04,0.194313,0.002081,0.035035,0.11154,0.212963,36.24
100,0.263496,327.23,11.49,0.513977,0.018567,3.51,0.866313,4.18,0.545247
101,0.009219,11.27,1.1,0.04018,0.001912,0.037798,0.034844,0.209706,34.91
102,0.24196,2.51,11.54,0.101273,0.002476,3.4,0.081677,4.12,0.594411
103,0.009455,2.84,1.15,0.20177,0.002082,0.032182,0.111439,0.209878,38.5
104,0.238167,316.13,11.5,0.536666,0.017625,3.35,0.734686,4.13,0.556219
105,0.009491,11.39,1.17,0.040529,0.001934,0.030178,0.03734,0.212259,32.35
106,0.22797,2.45,12.12,0.107756,0.002321,3.51,0.072775,4.44,0.571248
107,0.009333,3.08,1.18,0.209641,0.00213,0.030303,0.112975,0.21252,25.82
108,0.229099,356.39,12.28,0.508075,0.021296,3.92,0.876343,5.02,0.557802
109,0.009121,11.45,1.17,0.040302,0.001902,0.030634,0.03762,0.203778,23.14
110,0.229508,2.47,12.34,0.107518,0.002377,3.69,0.078869,4.97,0.649329
111,0.010032,2.64,1.17,0.194779,0.002059,0.028928,0.113888,0.211073,24.34
112,0.224476,350.17,11.95,0.496026,0.020837,3.56,0.865105,4.97,0.634565
113,0.010496,11.36,1.19,0.039889,0.001885,0.028109,0.036566,0.213118,22.04
114,0.206529,2.51,11.97,0.108315,0.002423,3.64,0.071364,4.91,1.03
115,0.0104,2.32,1.16,0.191188,0.001999,0.027891,0.11309,0.205533,23.16
116,0.192194,393.35,12.41,0.500976,0.023954,3.81,0.987379,4.73,0.56612
117,0.010406,11.45,1.19,0.040655,0.001887,0.031855,0.034206,0.1927,22.22
118,0.219978,2.54,12.44,0.107544,0.002435,3.91,0.071648,4.85,0.750268
119,0.010211,2.27,1.19,0.186612,0.00201,0.031769,0.11253,0.196629,22.85
120,0.215425,279.15,12.74,2.98,0.029182,4.13,5.21,4.97,0.880791
121,0.01015,9.2,1.19,0.029468,0.002088,0.031822,0.032366,0.185924,18.98
122,0.240588,2.31,28.19,0.065324,0.00216,5.36,0.035284,4.88,0.8702
123,0.009958,1.79,0.748166,0.03859,0.001681,0.054847,0.059501,0.252707,14.08
124,0.234459,285.94,25.42,3.14,0.031804,4.82,5.45,5.17,0.807772
125,0.009848,9.67,0.747909,0.028805,0.002127,0.059511,0.034843,0.26237,14.94
126,0.20432,2.54,33.98,0.066853,0.002184,6.47,0.034255,5.93,0.8323
127,0.009876,1.79,0.759313,0.038871,0.001735,0.054205,0.061681,0.309469,15.04
128,0.1964,283.93,25.75,2.86,0.030331,5.38,4.34,5.65,0.79657
129,0.010872,8.61,0.778122,0.028667,0.001957,0.05809,0.031622,0.257451,18.23
130,0.200115,2.39,22.22,0.066246,0.002069,4.56,0.033722,5.68,0.796898
131,0.010844,1.61,0.781978,0.035404,0.001696,0.062763,0.061112,0.217379,17.08
132,0.201205,275.69,21.71,3.17,0.031038,4.79,5.18,5.35,1.13
133,0.011361,9.07,0.845464,0.029769,0.002095,0.067294,0.035838,0.233079,15.18
134,0.214148,2.14,21.45,0.069906,0.00202,4.25,0.029862,5.23,1.16
135,0.010276,1.9,0.769668,0.036968,0.001655,0.068121,0.064631,0.259016,15.49
136,0.246277,280.48,18.23,3.35,0.034236,4,4.07,5.19,1.74
137,0.010626,9.71,0.816454,0.030067,0.002176,0.065426,0.037283,0.272901,15.85
138,0.205301,2.1,17.99,0.069331,0.001997,3.73,0.028485,5.29,1.94
139,0.009322,1.91,0.840367,0.042009,0.001956,0.066165,0.063976,0.278878,14.1
140,0.102324,286.13,17.8,3.45,0.034546,3.46,3.68,5.19,2.02
141,0.093891,9.34,0.850297,0.03096,0.002338,0.069432,0.038243,0.288821,14.7
142,0.103608,2.24,18.39,0.070316,0.00186,3.48,0.028337,5.27,1.72
143,0.091705,1.93,0.858533,0.047226,0.001941,0.075914,0.061801,0.277263,15.07
144,0.092424,289.14,17.92,3.84,0.035004,3.46,3.07,5.12,1.98
145,0.103885,9.41,0.860979,0.031194,0.002357,0.079627,0.037241,0.294224,12.56
146,0.12592,2.17,17.72,0.072068,0.001886,3.5,0.029842,5.3,2.17
147,0.154994,1.92,0.871999,0.045249,0.001892,0.086462,0.059831,0.297482,8.15
148,0.15811,293.2,17.24,3.92,0.036649,3.36,3.28,4.78,5.77
149,0.136749,9.85,0.893229,0.030351,0.002471,0.084937,0.036565,0.325359,5.78
