,agoras-tokens,byteball,golem-network-tokens,iconomi,singulardtv,steem,triggers,zcash,zclassic
0,0.391041,255.69,0.264662,1.46,0.172419,1.47,1.05,277.53,2
1,0.135377,237.73,0.261972,0.267674,0.163048,0.492349,0.980923,290.12,1.96
2,0.118549,241.5,0.272749,1.44,0.167995,1.64,1.07,310.6,2.12
3,0.383526,249.71,0.27669,1.53,0.177843,0.514415,1.17,285.36,2.02
4,0.134504,220.11,0.258489,1.51,0.181959,1.43,1.17,231.47,1.93
5,0.410452,227,0.259158,1.46,0.175652,0.505285,1.13,230.77,1.95
6,0.133055,213.76,0.247837,1.54,0.167678,1.22,1.09,205.63,1.78
7,0.125336,223.53,0.257249,1.47,0.179798,0.546937,1.17,204.21,1.73
8,0.38413,208.02,0.241301,1.49,0.175256,1.09,1.26,195.84,1.71
9,0.136521,212.07,0.243756,1.37,0.173895,0.563659,1.06,175.65,1.71
10,0.122498,232.94,0.271956,1.34,0.191266,1.11,1.22,187.86,1.72
11,0.369826,237.1,0.261374,1.52,0.186001,0.604818,1.1,188.3,1.92
12,0.145954,249.91,0.282695,1.54,0.182893,1.07,1.29,193.16,2.32
13,0.119464,233.99,0.247016,1.74,0.171048,0.597275,1.19,174.18,1.57
14,0.375515,238.54,0.243028,1.51,0.179409,1.08,1.14,172.46,1.51
15,0.143756,238.88,0.247871,1.5,0.158062,0.484293,1.25,181.06,1.5
16,0.116584,211.1,0.206726,1.54,0.120473,1.01,1.22,158.88,1.29
17,0.346913,268.2,0.272215,1.27,0.149202,0.485323,2.02,197.22,1.64
18,0.127811,288.63,0.290404,1.58,0.15072,1.01,2.38,207.77,1.76
19,0.115694,284.36,0.299268,1.73,0.160537,0.418853,1.18,208.77,1.79
20,0.365433,285.25,0.323035,1.69,0.167029,1.12,0.918326,212.91,1.88
21,0.131864,291.39,0.344498,1.87,0.13744,0.450762,0.970319,213.79,2.02
22,0.109915,301.44,0.360461,1.98,0.125973,1.09,1.08,213.99,2.2
23,0.352812,321.96,0.402176,1.93,0.149466,0.478526,1.31,247.31,2.09
24,0.131574,322.51,0.451712,2.23,0.152371,1.22,0.91714,247.01,2.23
25,0.109941,347.9,0.345685,2.25,0.146619,0.52353,0.821186,226.88,2.27
26,0.367939,343.47,0.301788,2.09,0.113423,1.09,0.835226,218.34,1.89
27,0.129649,367.22,0.361347,2.11,0.135326,0.528477,0.95812,260.09,2.49
28,0.104525,368.93,0.330569,2.48,0.142019,1.12,0.753198,254.03,2.68
29,0.344048,383.75,0.378419,2.49,0.147879,0.514227,1.03,305.11,3.31
30,0.124968,218.18,0.198555,2.99,0.132961,1.14,0.697228,233.01,1.84
31,0.102663,214.21,0.191735,1.01,0.011846,0.509801,0.020328,1624.58,1.9
32,0.357553,213.73,0.189639,0.12191,0.139801,0.994543,0.640815,241.22,1.86
33,0.129757,191.79,0.197054,1.03,0.011693,0.573209,0.018677,574.82,1.83
34,0.102387,203.28,0.20472,0.124068,0.142829,1.23,0.630003,234.33,1.77
35,0.371824,191.43,0.194259,1.17,0.010706,0.590609,0.016845,2044.47,1.81
36,0.129989,203.6,0.202158,0.113883,0.146387,1.22,0.704409,231.07,1.79
37,0.0882,181.24,0.199057,1.15,0.010792,0.630221,0.024745,244.52,1.72
38,0.31649,173.85,0.19286,0.123524,0.149951,1.23,0.724215,233.67,1.59
39,0.115772,189.63,0.201134,1.19,0.012817,0.641134,0.028634,217.69,1.71
40,0.080588,189.31,0.204678,0.13843,0.161062,1.32,0.755984,216.04,1.76
41,0.289031,201.07,0.221913,1.19,0.013595,0.71776,0.033305,206.52,1.92
42,0.123275,212.35,0.254141,0.169119,0.141764,1.4,1.12,213.73,2.66
43,0.07364,190.18,0.217408,1.27,0.013895,0.640861,0.032288,212.46,1.5
44,0.269516,178.09,0.219275,0.177921,0.133853,1.37,0.666619,222.52,1.54
45,0.121446,175.31,0.211233,1.28,0.013572,0.634152,0.043508,230.07,1.65
46,0.102747,173.65,0.203874,0.454364,0.128714,1.56,0.556106,229.3,1.68
47,0.238599,186.77,0.208379,1.15,0.013969,0.739936,0.044911,231.28,1.68
48,0.125302,175.3,0.211183,0.269399,0.139072,1.56,0.623688,233.01,1.7
49,0.105386,167.73,0.213099,1.17,0.014454,0.77924,0.039267,232.63,1.83
50,0.30495,170.23,0.233593,0.157751,0.13196,1.34,0.634313,240.89,1.79
51,0.124155,163.89,0.221501,1.16,0.013884,0.806667,0.039286,240.05,1.64
52,0.104842,149.3,0.193398,0.220825,0.14592,1.17,0.560317,227,1.63
53,0.349635,154.28,0.196629,1.25,0.014738,0.823902,0.036274,236.13,1.82
54,0.130675,180.46,0.221711,0.207394,0.155255,1.39,0.585695,235.66,1.92
55,0.101996,193.24,0.233535,1.32,0.013935,0.823506,0.023285,229.49,2.01
56,0.31252,203.22,0.230674,0.180959,0.157986,1.34,0.726748,241.06,2.02
57,0.127407,194.6,0.245785,1.4,0.014092,0.822189,0.022048,253.98,2.05
58,0.10203,214.98,0.245505,0.185008,0.148898,1.59,0.557794,257.61,2.27
59,0.324118,224.27,0.255418,1.39,0.013203,0.814077,0.017495,254.82,2.21
60,0.12041,262.58,0.258588,0.188562,0.161781,0.943716,0.529972,237.91,2.18
61,0.115118,237.93,0.290002,1.44,0.013468,0.131459,0.019563,252.94,1.93
62,0.326986,239.92,0.013339,0.275895,0.146518,0.970985,0.625513,257.6,0.745623
63,0.13703,273.52,0.263486,1.48,0.013316,0.131225,0.020156,263.94,1.9
64,0.124591,287.09,0.013252,0.223526,0.149509,0.972884,0.420538,308.49,0.729315
65,0.338118,264.47,0.345754,1.57,0.01453,0.131963,0.019532,68.69,2.07
66,0.138504,260.66,0.011766,0.233744,0.144757,0.941843,0.4607,306.07,1
67,0.163826,262.66,0.330351,1.48,0.012736,0.154522,0.019244,68.72,2.04
68,0.3849,274.66,0.012349,0.312025,0.14155,0.989806,0.46131,371.24,1.18
69,0.126553,252.55,0.274905,1.42,0.013347,0.14225,0.020778,70.96,1.99
70,0.386612,227.17,0.012869,0.241117,0.151975,0.963551,0.562794,347.51,1.48
71,0.130259,236.1,0.253609,1.51,0.015277,0.154051,0.020611,69.83,1.99
72,0.159049,249.5,0.011125,0.22117,0.151887,0.998517,0.571627,340.14,1.54
73,0.349711,234.81,0.246793,1.51,0.015487,0.17494,0.54619,77.3,1.88
74,0.132534,234.75,0.011452,0.278547,0.142764,0.993993,0.467754,344.7,1.29
75,0.155935,216.69,0.230846,1.53,0.016044,0.189853,0.631481,91.33,1.76
76,0.315336,237.26,0.010432,0.366967,0.138494,0.926321,0.688089,346.36,1.29
77,0.120126,239.22,0.231549,1.56,0.017474,0.200849,0.835768,97.19,1.84
78,0.15025,206.9,0.013517,0.343605,0.163895,0.974535,0.932806,311.55,1.44
79,0.394838,164.51,0.217997,1.68,0.016154,0.228142,1,77.56,1.68
80,0.130962,159.3,0.014149,0.444327,0.17178,0.974472,1.05,319.73,1.98
81,0.148987,175.53,0.219278,1.97,0.019365,0.239264,0.936708,57.9,1.71
82,0.419339,192.04,0.014474,0.422984,0.169046,1.02,1.01,290.64,2.49
83,0.143799,177.13,0.219314,1.77,0.020023,0.239862,0.006257,54.02,1.78
84,0.142958,178.37,0.015015,0.535335,0.172161,1.09,0.871103,302.17,2.68
85,0.439105,155.32,0.210481,1.63,0.016803,0.234489,0.006106,60.27,1.75
86,0.13836,158.98,0.013566,0.338663,0.168415,1.07,1.1,299.33,2.82
87,0.145655,188.83,0.207861,1.35,0.01867,0.244464,0.006041,65.7,1.74
88,0.328817,226.22,0.209876,0.18364,0.152746,1.06,1.24,298.15,3.63
89,0.080519,216.93,0.21397,1.38,0.156803,0.251779,0.006273,70.64,1.73
90,0.324097,223.79,0.211439,0.146614,0.123867,1.05,1.39,291.19,4.09
91,0.099896,415.97,0.204708,1.44,0.009761,0.258242,0.006157,87.64,1.89
92,0.316519,336.33,0.189421,0.214888,0.119873,1.08,0.962763,294.91,4.8
93,0.071482,319.02,0.198331,1.39,0.009592,0.262203,0.008514,96.95,1.86
94,0.320285,305.99,0.197376,0.176022,0.14957,1.06,0.748455,290.56,4.13
95,0.096197,270.95,0.21536,1.31,0.010146,0.264901,0.009069,109.34,1.84
96,0.332392,292.03,0.206634,0.168375,0.158053,1.03,0.697765,271.44,4.84
97,0.08807,301.72,0.194727,1.54,0.009186,0.299119,0.007446,105.06,1.74
98,0.095055,305.55,0.188733,0.174724,0.161635,1.04,0.72487,265.45,3.52
99,0.328996,293.01,0.189395,1.53,0.009212,0.292611,0.012593,117.26,1.85
100,0.091406,261.17,0.196548,0.162818,0.129988,1.1,0.683978,288.67,3.99
101,0.094115,256.15,0.202098,1.62,0.010042,0.261232,0.00977,144.11,1.71
102,0.336706,268.1,0.221005,0.162149,0.128924,1.03,0.579266,253.6,5.23
103,0.097272,245.21,0.22519,1.78,0.011137,0.303636,0.012639,183.36,1.99
104,0.312211,240.53,0.437993,0.171436,0.126006,1.06,0.551873,237.88,1.83
105,0.107567,221.56,0.424143,1.67,0.011713,0.350211,0.012595,226.17,1.71
106,0.092769,225.19,0.468168,0.174482,0.130642,1.12,0.581202,262,1.65
107,0.293925,247.3,0.480738,1.43,0.010231,0.383549,0.011991,255.58,1.66
108,0.10806,249,0.341865,0.178249,0.130315,1.22,0.529802,250.6,1.69
109,0.092218,247.65,0.365831,1.48,0.009338,0.37705,0.013871,308.64,1.6
110,0.31394,244.69,0.398442,0.17892,0.134605,1.21,0.551914,240.87,1.64
111,0.10842,242.72,0.4664,1.21,0.010419,0.405304,0.013038,236,1.64
112,0.324401,249.1,0.419497,0.180428,0.133167,1.17,0.555699,228.69,4.8
113,0.102371,264.43,0.317936,1.21,0.011047,0.417342,0.017427,321.79,3.4
114,0.32466,257.65,0.316604,0.174226,0.129279,1.18,0.551757,225.35,3.03
115,0.106006,259.03,0.255912,1.12,0.011532,0.40747,0.016575,504.57,3.05
116,0.097853,247.58,0.259853,0.169566,0.125364,1.23,0.525275,230.39,2.77
117,0.320621,229.5,0.242691,1.07,0.011417,0.445752,0.018007,603.98,2.94
118,0.121052,231.32,0.196725,0.173396,0.128127,1.31,0.459016,232.63,3.35
119,0.096238,219.94,0.197136,0.951394,0.010523,0.443965,0.017647,887.26,3.96
120,0.370578,213.54,0.208512,0.173945,0.138014,1.41,0.541163,218.16,4.06
121,0.121895,217.68,0.210699,0.989586,0.010183,0.445635,0.01761,942.78,3.46
122,0.108687,64.55,0.216739,0.167564,0.143182,1,0.579862,222.41,3.45
123,0.285505,65.99,0.22579,1.09,0.009928,0.149624,0.018616,1333.74,4.83
124,0.122515,64.27,0.234533,0.204064,0.135576,0.935901,0.697271,235.67,4.42
125,0.112428,65.07,0.217156,1.03,0.008705,0.163474,0.023224,232.93,8.98
126,0.287174,58.04,0.212477,0.183705,0.126858,1.15,0.658632,205.57,10.2
127,0.123772,52.2,0.246443,0.98282,0.010237,0.165117,0.014247,196.32,9.57
128,0.115385,62.84,0.241079,0.171514,0.141433,1.18,0.571083,190.82,7.36
129,0.2985,54.38,0.254044,0.964964,0.009588,0.181619,0.014112,197.88,8.15
130,0.124502,67.39,0.244687,0.174726,0.155312,1.1,0.590302,224.46,9.08
131,0.129834,63.58,0.253327,1.09,0.011233,0.148442,0.015654,238.6,9.06
132,0.289412,71.49,0.223747,0.115758,0.182209,1.05,0.617453,239.49,8.94
133,0.126141,66.73,0.225262,0.95479,0.011355,0.141849,0.017263,203.19,8.28
134,0.128397,67.39,0.217398,0.110199,0.189747,0.94505,0.604197,119.81,8.77
135,0.272417,48.69,0.086301,1.09,0.011982,0.124169,0.01948,108.23,8.27
136,0.125604,45.11,0.084839,0.11335,0.207032,0.959156,0.560836,106.08,8.63
137,0.125935,54.06,0.06415,0.93524,0.011932,0.110585,0.018388,94.92,9.77
138,0.254927,52.48,0.056277,0.10827,0.236783,1.01,0.523006,92.66,7.8
139,0.108158,55.04,0.050017,0.913426,0.012033,0.11274,0.024563,90.6,6.48
140,0.258082,58.89,0.05053,0.118142,0.183649,0.891775,0.554358,93.57,5.62
141,0.129014,43.73,0.042191,1.03,0.011952,0.113483,0.023369,96.7,5.01
142,0.129097,59.97,0.043714,0.117117,0.145437,0.908268,0.03087,96.58,5.28
143,0.246228,65.89,0.048744,1.05,0.011596,0.115479,0.030215,97.44,2.21
144,0.130756,61.14,0.048005,0.127636,0.135111,0.911719,0.03249,95.13,2.02
145,0.129375,61.96,0.051241,1.12,0.011295,0.128057,0.028868,96.99,2.08
146,0.256175,65.95,0.057157,0.121109,0.119229,0.917951,0.028455,96.09,2.01
147,0.120029,73.55,0.036324,1.18,0.011775,0.114691,0.028874,106.62,1.94
148,0.127015,58.54,0.028766,0.124995,0.138728,0.894508,0.033827,103.83,1.85
149,0.292525,61.5,0.040491,0.980278,0.011119,0.102415,0.037545,108.21,1.99
