,augur,bitbay,blocknet,counterparty,emercoin,factom,gamecredits,paccoin,supernet-unity,ubiq,verge
0,21.19,0.03387,21.82,11.57,0.683192,18.46,2.34,1.5E-07,41.71,1.91,0.006948
1,12.19,0.000679,0.344654,4.22,0.404772,2.86,0.122092,4.3E-09,2.6,0.07806,2.4E-05
2,20.64,0.000173,0.054008,0.80768,0.031884,18.33,0.012682,1.5E-07,1.78,0.022639,1.4E-05
3,11.26,0.031617,20.02,1.94,0.004663,2.92,1.2E-05,3.5E-09,24.36,0.006599,0.006799
4,22.23,0.000539,0.250421,9.96,0.645319,19.19,2.32,1.7E-07,2.7,1.71,2.4E-05
5,10.28,0.00017,0.05065,4.18,0.395467,2.99,0.117098,4.3E-09,1.84,0.083736,1.6E-05
6,20.98,0.027409,19.06,0.851062,0.035068,19.81,0.013837,1.8E-07,36.19,0.022183,0.006504
7,10.67,0.000583,0.272051,1.83,0.005243,3.06,1.1E-05,3.7E-09,2.82,0.010567,2.9E-05
8,18.82,0.000181,0.054619,9.92,0.676221,17.6,2.36,1.6E-07,1.92,1.74,1.7E-05
9,10.59,0.02466,20.11,4.33,0.381254,2.94,0.122278,3.6E-09,44.16,0.076241,0.006354
10,18.81,0.000541,0.288572,0.868107,0.036821,17.31,0.013229,1.7E-07,2.9,0.021229,2.4E-05
11,11.72,0.00018,0.048279,1.9,0.003579,3.05,1.1E-05,3.9E-09,1.92,0.012676,1.4E-05
12,17.84,0.025576,21.84,10.4,0.703118,16.53,2.45,1.3E-07,26.26,1.7,0.006239
13,10.36,0.000544,0.310075,4.64,0.389836,3.21,0.122084,4.2E-09,2.81,0.069639,2.4E-05
14,18,0.000176,0.039962,0.860167,0.027623,17.07,0.013902,1.2E-07,1.98,0.022398,1.6E-05
15,11.94,0.024268,22.42,2.02,0.003108,2.99,1.6E-05,4.3E-09,19.33,0.015278,0.006058
16,17.01,0.000568,0.318682,10.03,0.64973,15.56,2.36,8.7E-08,2.9,1.54,2.4E-05
17,11.63,0.000179,0.040059,4.43,0.384131,3.05,0.117264,3.1E-09,1.95,0.052392,1.6E-05
18,17.13,0.020294,20.4,0.81413,0.034646,14.84,0.011196,7.4E-08,2.86,0.022017,0.005772
19,10.27,0.000557,0.301306,2.03,0.003033,3.11,1.6E-05,2.6E-09,1.96,0.014974,2.4E-05
20,18.5,0.000169,0.046003,9.97,0.620475,17.49,2.03,1.2E-07,3.06,1.59,1.4E-05
21,12.12,0.020132,20.84,5.05,0.385347,3.04,0.121569,4E-09,1.93,0.048624,0.005568
22,18.46,0.000615,0.309094,0.827502,0.03812,18.55,0.011764,1E-07,23.24,0.02211,3E-05
23,12.12,0.000159,0.049841,2.06,0.002915,3.3,1.2E-05,3.5E-09,2.62,0.012484,1.4E-05
24,19.02,0.019281,20.26,9.94,0.588074,19.63,1.61,1E-07,1.88,1.52,0.005389
25,9.88,0.00062,0.320789,5.05,0.384052,3.3,0.116721,3.7E-09,23.65,0.052423,3E-05
26,17.64,0.000166,0.054479,0.870585,0.029295,17.35,0.012042,7.4E-08,2.6,0.023144,1.5E-05
27,9.82,0.019394,19.94,2.1,0.003705,3.39,3.5E-05,3.1E-09,1.77,0.011879,0.005474
28,17.67,0.00065,0.323936,10.01,0.599213,17.89,1.74,7.7E-08,26.73,1.48,2.4E-05
29,10.93,0.000181,0.056099,5.3,0.387971,3.24,0.115944,4E-09,2.91,0.053353,1.4E-05
30,18.31,0.022416,22.34,0.864736,0.03009,18.05,0.012312,8E-08,1.77,0.022953,0.006352
31,12.15,0.000664,0.353049,2.17,0.003707,3.3,3.5E-05,3.3E-09,26.25,0.01347,2.5E-05
32,15.76,0.000173,0.040671,9.67,0.561949,15.15,1.55,7.5E-08,3.11,1.43,1.6E-05
33,9.89,0.020259,24.05,5.13,0.386913,3.5,0.120379,6.6E-09,1.79,0.055248,0.00631
34,20.59,0.000704,0.36707,0.876154,0.022284,20.37,0.014285,1E-07,21.7,0.022578,3E-05
35,11.33,0.000185,0.043608,2.05,0.004007,3.53,1.2E-05,6.3E-09,2.84,0.012624,1.4E-05
36,21.23,0.022184,24.03,9.47,0.568891,22.1,1.52,1.2E-07,1.7,1.43,0.006548
37,11.67,0.00068,0.36839,5.6,0.3903,3.78,0.120743,6.1E-09,20.82,0.059117,3.1E-05
38,20.92,0.000174,0.03047,0.859928,0.024716,23.37,0.014737,1.2E-07,3.05,0.021284,1.4E-05
39,9.71,0.019433,20.8,2.1,0.002576,3.25,4E-05,4.7E-09,1.74,0.011169,0.005924
40,21.55,0.000695,0.381244,10.72,0.641984,23.51,1.72,1.3E-07,25.59,1.59,4.2E-05
41,9.98,0.000162,0.043545,5.24,0.384242,2.89,0.121468,5.5E-09,3.37,0.061202,1.4E-05
42,22.28,0.020949,20.19,0.896094,0.027198,25.07,0.016369,1.4E-07,1.73,0.022138,0.005909
43,9.97,0.000686,0.33997,2.01,0.002858,2.89,8E-06,6.8E-09,26.04,0.012848,3E-05
44,22.26,0.000164,0.042758,11.71,0.645111,26.27,1.69,1.4E-07,3.42,1.58,1.5E-05
45,4.95,0.018954,19.98,4.33,0.388284,2.91,0.120254,6.1E-09,1.73,0.063927,0.005318
46,23.79,0.000653,0.377844,0.896926,0.029619,27.98,0.018494,1.5E-07,21.21,0.021648,2.1E-05
47,10.57,0.000181,0.04464,1.97,0.003411,2.86,8E-06,6.5E-09,3.5,0.013006,1.4E-05
48,23.79,0.015422,14.93,12.19,0.664019,26.46,1.71,1.6E-07,1.71,1.73,0.0047
49,11.9,0.000697,0.336395,4.84,0.398568,2.9,0.113968,6.6E-09,23.36,0.060387,2.4E-05
50,22.94,0.000159,0.044703,0.860981,0.046605,25.3,0.018751,1.6E-07,3.49,0.022049,1.5E-05
51,10.31,0.01905,18.23,2.03,0.004202,2.97,4.2E-05,6.7E-09,1.72,0.013344,0.006433
52,21.81,0.000708,0.38233,11.91,0.674043,24.3,1.49,1.5E-07,28.77,1.61,2.4E-05
53,10.34,0.000136,0.041546,5.25,0.402881,2.83,0.111834,6.3E-09,3.41,0.059971,1.6E-05
54,24.91,0.020365,20.41,0.870664,0.019945,27.64,0.022793,1.6E-07,1.72,0.021414,0.007003
55,6.58,0.000718,0.501959,2.36,0.003669,2.8,3.7E-05,5.6E-09,28.67,0.016778,2.4E-05
56,24.24,0.000155,0.045032,10.42,0.788043,27.2,1.52,1.7E-07,3.61,1.58,1.5E-05
57,9.21,0.021353,18.19,5.35,0.400352,3.18,0.115461,6.4E-09,1.81,0.059804,0.007578
58,28.59,0.000748,0.503221,0.91584,0.020391,32.69,0.021544,1.7E-07,26.77,0.021903,3E-05
59,9.16,0.00015,0.037989,2.24,0.003515,3.38,3.7E-05,6.3E-09,3.74,0.020972,1.6E-05
60,17.59,0.020718,20.75,10.27,0.556243,14.58,1.35,3.1E-07,1.81,1.6,0.007962
61,4.45,0.000751,0.511424,4.43,0.393819,2.14,0.120313,3.8E-09,31.14,0.070636,2.5E-05
62,1.57,0.000162,0.044429,0.892168,0.018456,0.119383,0.022834,4.4E-07,3.68,0.021708,1.7E-05
63,17.17,0.022972,21.89,2.37,0.003794,15.3,2.4E-05,4.1E-09,1.77,0.023555,0.006945
64,4.65,0.000697,0.349638,8.91,0.45872,2.22,1.2,5.6E-07,28.64,1.32,1.9E-05
65,1.69,0.000151,0.042864,4.81,0.397468,0.121739,0.122148,4E-09,3.22,0.064471,1.4E-05
66,17.7,0.022333,21.6,0.905034,0.023424,14.67,0.023914,4.1E-07,1.77,0.023546,0.006869
67,4.11,0.000668,0.34515,2.44,0.004062,2.09,2.4E-05,4E-09,36.34,0.019383,2.1E-05
68,1.62,0.000158,0.043263,11.94,0.775586,0.126992,1.56,3.8E-07,3.33,1.7,1.2E-05
69,17.27,0.025943,25.12,3.83,0.397955,14.89,0.122205,3.4E-09,1.77,0.058479,0.007367
70,4.43,0.000658,0.220703,0.93885,0.020123,2.31,0.023245,3.1E-07,32.12,0.023817,2.4E-05
71,1.52,0.000165,0.04252,2.32,0.004184,0.119221,3.8E-05,3.4E-09,3.21,0.019128,1.4E-05
72,17.54,0.024249,25.73,13.03,0.781306,15.48,1.76,2.3E-07,1.78,1.78,0.007867
73,5.01,0.000648,0.208308,3.77,0.404743,2.6,0.11983,4.1E-09,24.96,0.061248,1.9E-05
74,1.47,0.000154,0.046773,0.904803,0.020727,0.130548,0.023012,2E-07,3.18,0.024553,1.7E-05
75,17.9,0.022118,26.05,2.43,0.004061,15.1,0.000143,3.8E-09,1.68,0.018313,0.006843
76,5.1,0.000652,0.202453,12.87,0.755877,2.66,1.79,1.9E-07,20.43,1.89,1.8E-05
77,17.94,0.000173,0.041536,3.46,0.405535,0.146076,0.121142,3.7E-09,3.56,0.071401,1.4E-05
78,4.8,0.020947,24.51,0.994546,0.019947,15.47,0.023516,1.8E-07,1.68,0.025263,0.005827
79,17.66,0.00064,0.204591,2.25,0.006152,2.62,1E-05,4.4E-09,21.61,0.023313,1.9E-05
80,5.13,0.000178,0.032206,11.31,0.733691,0.136166,1.81,1.6E-07,3.3,2.04,1.6E-05
81,16.29,0.021934,28.67,3.26,0.425343,15.94,0.119664,4.4E-09,1.66,0.062687,0.005725
82,5.29,0.00057,0.222046,0.965053,0.020776,2.73,0.024321,1.7E-07,22.35,0.025398,1.8E-05
83,16.85,0.000163,0.040907,2.24,0.00477,0.139129,1E-05,4.3E-09,3.43,0.02055,1.4E-05
84,5.33,0.023053,28.72,12.24,0.814464,15.03,1.94,1.7E-07,1.7,2.2,0.004931
85,16.84,0.000525,0.214598,3.32,0.4216,2.69,0.127231,4E-09,29.82,0.059725,2E-05
86,5.41,0.000178,0.041015,0.910233,0.017147,0.124429,0.023861,1.7E-07,3.56,0.024979,1.4E-05
87,17.56,0.024881,34.29,2.22,0.00404,15.21,1.99,4.2E-09,1.69,0.018768,0.005311
88,5.11,0.000499,0.177551,11.64,0.795924,2.62,0.129451,1.8E-07,26.65,2.14,1.8E-05
89,18.15,0.000175,0.044815,3.33,0.425675,0.117835,0.025178,3.9E-09,1.84,0.058271,1.4E-05
90,5.24,0.02432,19.15,0.971999,0.015965,15.22,2.06,1E-06,1.28,0.027574,0.007157
91,18.34,0.000531,0.218474,2.21,0.005752,2.66,0.133593,3.7E-09,2.83,0.018965,2.5E-05
92,5.45,0.000222,0.038044,13.38,1.05,0.129291,0.024794,1.7E-07,26.62,2.38,1.3E-05
93,18.7,0.02748,17.78,3.14,0.417923,15.33,1E-05,4.3E-09,1.86,0.056557,7E-06
94,5.04,0.000554,0.213967,0.936059,0.017587,2.62,2.06,1.5E-07,1.39,0.02696,0.005654
95,19.09,0.000229,0.038741,2.42,0.003376,0.132037,0.126321,4.5E-09,2.81,0.027876,2.1E-05
96,5.7,0.026616,18.27,13.64,1.12,15.93,0.026629,1.4E-07,27.08,2.49,1.6E-05
97,18.66,0.0006,0.220768,3.28,0.417052,2.53,1E-05,4.3E-09,1.86,0.063701,7E-06
98,5.79,0.00024,0.034347,0.852171,0.020019,0.142859,1.99,1.4E-07,1.41,0.025038,0.005262
99,18.95,0.026662,18.17,2.48,0.003632,16.7,0.116388,4.6E-09,2.84,2.1,2.3E-05
100,5.78,0.000621,0.255962,13.56,1.02,2.58,0.033,1.5E-07,26.53,0.055777,1.2E-05
101,18.38,0.00023,0.041129,3.55,0.419636,0.149137,1.5E-05,4.1E-09,1.77,0.025406,7E-06
102,6.14,0.02418,18.23,0.852152,0.017626,15.81,1.76,1.4E-07,1.33,2.14,0.005275
103,18.23,0.000633,0.240964,2.18,0.00362,2.39,0.114671,4.2E-09,3.16,0.058706,2.1E-05
104,5.9,0.00022,0.042302,12.18,1.01,0.171832,0.031748,1.3E-07,27,0.021126,1.6E-05
105,18.61,0.022364,19.65,3.48,0.43559,16.56,1.4E-05,4.1E-09,2.09,2.39,4E-06
106,5.75,0.000563,0.273818,0.91477,0.019007,2.51,2.12,1.5E-07,1.45,0.059256,0.005345
107,18.77,0.000217,0.035444,2.19,0.003423,0.110437,0.108246,3.8E-09,3.12,0.021331,2.1E-05
108,6.59,0.023619,20.95,13.96,1.15,17.09,0.035026,1.6E-07,27.35,2.52,1.4E-05
109,17.81,0.000543,0.267105,3.57,0.44043,2.58,1.4E-05,5E-09,2.29,0.057554,1E-05
110,7.06,0.00021,0.050675,0.861439,0.015824,0.112394,2.12,1.6E-07,1.44,0.022235,0.005183
111,19.12,0.022413,20.63,1.97,0.003462,16.46,0.107923,5E-09,3.26,2.64,2.2E-05
112,6.86,0.000549,0.282816,14.87,1.18,2.63,0.038067,1.5E-07,27.44,0.056656,1.1E-05
113,20.13,0.000211,0.035444,3.51,0.433993,0.105835,1.4E-05,6.4E-09,2.38,0.019639,1.1E-05
114,6.71,0.019529,19.45,0.859568,0.014908,16.91,2.41,1.3E-07,1.47,1.23,0.005393
115,19.61,0.000574,0.277311,1.98,0.003342,2.72,0.1074,4.7E-09,3.33,0.053046,2.6E-05
116,7.31,0.000216,0.036467,16.11,1.27,0.125812,0.03078,1.4E-07,25.98,0.022281,1.4E-05
117,19.02,0.022617,24.2,3.25,0.425111,16.37,2.4E-05,4E-09,2.57,0.00492,7E-06
118,9,0.000674,0.259362,0.87374,0.015038,2.54,1.82,1.5E-07,1.5,1.25,0.005794
119,18.99,0.000211,0.036542,2,0.00284,0.12511,0.180937,4.2E-09,3.55,0.05544,2.6E-05
120,14.34,0.022619,23.44,9.58,0.516107,16.67,0.01961,1.7E-07,24.76,0.02286,1.4E-05
121,19.44,0.000556,0.264154,2.89,0.252235,2.5,1.93,4.6E-09,2.21,0.005992,0.004639
122,18.36,0.000202,0.031525,0.957048,0.043107,0.123532,0.165243,8.6E-07,1.5,1.28,2.6E-05
123,19.37,0.021902,21.35,3.19,0.00677,15.97,0.019884,3.1E-09,3.45,0.053451,1.4E-05
124,13.43,0.000495,0.258245,10.12,0.500381,2.44,1.93,5E-09,36,0.024648,0.004736
125,20.66,0.000208,0.037553,3.09,0.257605,0.127369,0.145975,8.8E-07,2.07,0.004947,2.7E-05
126,12.28,0.023036,21.17,0.870561,0.037099,15.44,0.016564,3.2E-09,1.6,1.31,1.5E-05
127,26.01,0.000536,0.268188,3.07,0.008636,2.35,3E-06,4.9E-09,3.9,0.058776,0.004749
128,3.69,0.000192,0.03466,9.88,0.490882,0.126844,1.9,9.1E-07,25.57,0.024002,2.5E-05
129,1.51,0.022401,20.73,3.15,0.26551,16.48,0.161669,3.2E-09,1.88,0.00679,1.3E-05
130,24.28,0.000504,0.263419,0.897914,0.037559,2.42,0.015937,5.4E-09,1.53,1.34,0.004459
131,3.63,0.000202,0.041873,2.88,0.008389,0.130844,4E-06,8.1E-07,3.8,0.061915,2.4E-05
132,1.78,0.022966,20.61,11.16,0.522192,18.52,1.95,3.4E-09,25.92,0.023193,1.1E-05
133,28.56,0.000524,0.254096,3.54,0.272543,2.38,0.166782,5.7E-09,2.09,0.006978,0.004905
134,3.7,0.000211,0.041775,0.764659,0.041434,0.15307,0.015717,8E-07,1.51,1.31,2.5E-05
135,1.74,0.02455,20.39,3.12,0.00894,17.62,3.2E-05,3.1E-09,3.8,0.062305,1.4E-05
136,28.78,0.000513,0.278848,8.52,0.54487,2.56,2.07,5.5E-09,38.35,0.02364,0.005028
137,4.31,0.000196,0.037768,3.77,0.27747,0.188214,0.170469,8.2E-07,2.03,0.006764,2.6E-05
138,1.72,0.024303,22.13,0.814794,0.035708,18.11,0.016823,2.9E-09,1.61,1.4,1.3E-05
139,27.21,0.000543,0.264536,3.58,0.008545,2.57,3.2E-05,5.2E-09,3.54,0.055471,0.004905
140,4.16,0.000196,0.029732,8.31,0.520488,17.06,2.17,7E-07,27.37,0.023967,2.6E-05
141,1.67,0.026285,23.25,3.47,0.281863,2.58,0.161044,3.4E-09,2.25,0.007671,1.4E-05
142,28.34,0.000544,0.287989,0.765071,0.029269,16.82,0.014669,5.4E-09,1.55,1.4,0.005153
143,4.22,0.000193,0.041439,3.52,0.008692,2.28,7E-06,6.1E-07,3.67,0.054277,2.6E-05
144,1.59,0.02167,23.35,8.52,0.593678,17.07,2.2,3.4E-09,40.2,0.021507,1.3E-05
145,28.55,0.000514,0.294865,3.85,0.345352,2.34,0.16134,5.7E-09,2.16,0.009095,0.005463
146,4.22,0.000179,0.040773,0.813605,0.029709,17.96,0.013805,6.2E-07,1.67,1.31,2.6E-05
147,1.51,0.02296,22.35,3.53,0.008683,2.39,1.8E-05,3.3E-09,3.9,0.061263,1.3E-05
148,25.77,0.000593,0.244579,8.35,0.607522,23.39,2.14,5.7E-09,24.28,0.023772,0.005141
149,4.37,0.000189,0.042547,3.83,0.28938,2.19,0.158818,5.1E-07,2.32,0.011331,2E-05
