,ethereum,nem,nexus,siacoin,tether
0,301.46,0.235162,1.78,0.00492,0.996488
1,13.22,0.004366,0.033144,0.000488,1
2,0.738644,0.000151,0.001268,2.8E-05,1
3,291.47,0.237538,1.73,0.004949,0.999863
4,13.07,0.004006,0.038443,0.00047,1
5,0.661146,0.000149,0.001275,2.8E-05,1
6,299.15,0.238268,1.84,0.00511,1
7,13.27,0.004617,0.036282,0.000474,1
8,0.582886,0.000139,0.001287,2.9E-05,1
9,306.47,0.243301,2.05,0.00547,1
10,13.1,0.00467,0.040866,0.00048,1
11,0.720839,0.00013,0.001255,3E-05,1
12,287.44,0.228646,2.11,0.004835,1
13,12.82,0.004988,0.032959,0.000487,1
14,0.785964,0.000131,0.001411,3.3E-05,1
15,292.33,0.232506,1.95,0.0048,1
16,13.1,0.005066,0.033637,0.000487,1
17,0.736223,0.000134,0.001454,3.1E-05,1
18,282.48,0.216154,2.04,0.004814,1
19,12.88,0.005167,0.040401,0.000498,0.999999
20,0.81361,0.000116,0.001283,3.3E-05,1
21,286.17,0.222205,2.25,0.004736,1
22,13.33,0.005251,0.034673,0.000498,0.999999
23,0.893406,0.00012,0.001234,3.2E-05,1
24,264.31,0.210635,2.28,0.003836,1
25,13.25,0.005299,0.036967,0.000505,0.999999
26,0.901796,0.00013,0.001236,3.2E-05,1
27,258.58,0.210871,2.64,0.003971,1
28,13.77,0.005415,0.037639,0.000519,0.999988
29,0.919047,0.000102,0.001634,3E-05,1
30,283.74,0.231746,3.27,0.004523,1
31,14.43,0.005127,0.03948,0.000536,0.999999
32,0.938445,1E-04,0.001394,2.8E-05,1
33,282.8,0.237664,3.15,0.004583,1
34,13.19,0.00516,0.039918,0.000493,0.999999
35,0.882391,0.000102,0.002079,2.8E-05,1
36,293.5,0.248516,3.68,0.005259,1
37,12.43,0.005174,0.039047,0.0005,0.999923
38,0.853685,1E-04,0.001487,3E-05,1
39,251.75,0.204067,3.15,0.004036,1.01
40,12.7,0.005274,0.038811,0.000497,0.999999
41,0.874231,0.000108,0.001229,3E-05,1
42,246.52,0.207831,3.12,0.004298,1
43,12.56,0.005499,0.038543,0.000494,0.999999
44,0.907175,0.000106,0.001301,3E-05,1
45,250.46,0.211752,2.94,0.003731,1.01
46,11.94,0.005674,0.036839,0.000498,0.999993
47,0.94441,9.9E-05,0.001279,3.5E-05,1
48,213.91,0.164254,2.68,0.003693,1
49,11.92,0.005695,0.037726,0.000511,1
50,0.875622,9E-05,0.001342,3.5E-05,1
51,277.11,0.233825,3.54,0.005634,1
52,11.92,0.005876,0.036971,0.0005,1
53,0.936003,9E-05,0.001235,3.5E-05,1
54,291.46,0.249074,3.44,0.005721,1.01
55,11.89,0.005736,0.039748,0.000506,1
56,1.04,8.7E-05,0.001369,3.3E-05,1
57,294.53,0.252026,3.27,0.005858,1
58,11.64,0.005716,0.034104,0.000502,1
59,0.982978,9.4E-05,0.001429,4.3E-05,1
60,288.75,0.256975,3.03,0.005716,1.01
61,12.17,0.005874,0.039838,0.000529,1
62,1.17,9.1E-05,0.001193,4.8E-05,1
63,294.4,0.267264,3.05,0.005963,1
64,11.65,0.006211,0.035226,0.000532,1
65,1.21,9E-05,0.001452,4.8E-05,1
66,296.5,0.268641,3.02,0.006098,1.01
67,11.35,0.005664,0.03554,0.000521,1
68,1.24,9.9E-05,0.001362,7.8E-05,1
69,329.43,0.293376,3.21,0.007636,1
70,11.55,0.0057,0.039785,0.000637,1
71,1.25,9.6E-05,0.001467,4.3E-05,1
72,334.34,0.301941,3.25,0.008119,1.01
73,11.69,0.005703,0.038401,0.000444,1
74,1.3,9.6E-05,0.001291,2.9E-05,1
75,312.99,0.286227,2.91,0.007344,1
76,11.72,0.005724,0.037276,0.000447,1
77,1.34,8.6E-05,0.001749,2.4E-05,1
78,295.17,0.27322,2.94,0.006659,1.03
79,11.68,0.005647,0.036017,0.000452,1
80,1.27,9.7E-05,0.00167,2.5E-05,1
81,347.48,0.307264,3.28,0.008434,1
82,11.76,0.005725,0.036565,0.000444,1
83,1.26,8.9E-05,0.00114,2.5E-05,1
84,348.98,0.295884,2.74,0.008397,1.02
85,12.11,0.005618,0.034075,0.000437,1
86,1.29,8.8E-05,0.000919,2.8E-05,1
87,387.74,0.33231,3.01,0.008824,1
88,11.99,0.005569,0.030131,0.000441,1
89,1.35,1E-04,0.001026,3E-05,1
90,305.88,0.186771,1.01,0.003613,1
91,11,0.003629,0.02032,0.000377,1
92,0.916627,0.000145,0.001269,3.5E-05,1
93,307.75,0.200415,1.12,0.003752,1
94,11.18,0.003712,0.021624,0.00038,1
95,1.04,0.000158,0.001427,3.9E-05,1
96,305.09,0.201337,1.15,0.003778,1
97,10.44,0.003496,0.022506,0.000353,1
98,1.21,0.00014,0.001456,3.8E-05,1
99,296.3,0.197236,1.11,0.003774,1
100,11.09,0.003743,0.032532,0.00038,1
101,1,0.00012,0.001372,3.7E-05,1
102,297.42,0.19794,1.15,0.003909,1
103,11.5,0.003936,0.026859,0.000413,1
104,0.869641,0.000117,0.001389,3.5E-05,1
105,296.53,0.199005,1.18,0.003767,0.999868
106,11.53,0.00381,0.029765,0.000425,1
107,0.731317,0.000114,0.001338,3.4E-05,1
108,297.93,0.206495,1.26,0.003874,1
109,11.41,0.003908,0.03133,0.00045,1
110,0.616039,0.000119,0.001506,3.4E-05,1
111,298.33,0.212616,1.28,0.003971,1
112,11.97,0.003879,0.032776,0.000434,1
113,0.56359,0.000123,0.001521,3.9E-05,1
114,286.95,0.199053,1.13,0.00349,0.996536
115,12.04,0.003751,0.032839,0.000435,1
116,0.539657,0.000119,0.001305,4.1E-05,1
117,295.45,0.211949,1.07,0.003745,1
118,12.07,0.003745,0.033629,0.000441,1
119,0.567702,0.000118,0.00141,4.1E-05,1
120,300.19,0.212676,1.2,0.003667,1
121,12.18,0.003705,0.032449,0.000451,1
122,0.447329,0.000117,0.001491,4.5E-05,1
123,304.01,0.215947,1.27,0.003794,1
124,12.1,0.003738,0.029905,0.000442,1
125,0.434829,0.000117,0.001415,4E-05,1
126,308.09,0.220531,1.35,0.004019,1
127,12.02,0.003803,0.028412,0.000437,1
128,0.489014,0.000108,0.001378,5E-05,1
129,314.32,0.220316,1.43,0.004245,1
130,12.59,0.003875,0.033402,0.000396,1
131,0.517734,0.000124,0.001374,5E-05,1
132,317.08,0.218207,1.31,0.004419,0.999335
133,12.01,0.003814,0.031273,0.000405,1
134,0.547178,0.000124,0.001426,4.3E-05,1
135,333.38,0.223181,1.37,0.004302,0.99801
136,11.95,0.003988,0.031433,0.000414,1
137,0.536495,0.000117,0.001371,4.5E-05,1
138,336.6,0.2073,1.44,0.004155,0.999242
139,11.98,0.004003,0.027876,0.000429,1
140,0.561878,0.000113,0.001386,3.8E-05,1
141,339.63,0.210581,1.56,0.004138,0.999709
142,11.94,0.004275,0.028808,0.000437,0.999999
143,0.522968,0.000116,0.001376,3.5E-05,1
144,338.76,0.211569,1.56,0.004265,1
145,11.96,0.004128,0.027752,0.000428,1
146,0.607655,0.000119,0.001361,4E-05,1
147,304.14,0.206147,1.63,0.004474,0.997423
148,11.93,0.004045,0.02691,0.000428,1
149,0.62603,0.000117,0.001396,3.7E-05,1
