,bitcoin,experience-points,ion,neo,peercoin,ripple
0,4338.71,3E-06,1.54,34.21,1.31,0.197529
1,609.74,1.2E-07,0.147674,0.184939,0.306292,0.00883
2,236.06,2E-06,1.49,28.64,0.384913,0.00552
3,386.94,1.9E-07,0.134746,0.191738,0.998371,0.004644
4,133,5E-06,1.53,29.76,0.28063,0.010932
5,4163.07,1.2E-07,0.121667,0.194798,1.26,0.193606
6,605.69,8E-06,1.56,31.79,0.310154,0.008914
7,236.69,1.2E-07,0.150565,0.197913,0.389774,0.005579
8,375.47,1.2E-05,1.4,26.38,0.966338,0.004705
9,137.34,1.2E-07,0.151093,0.202491,0.265066,0.012868
10,4174.73,4E-06,1.38,26.02,1.33,0.196131
11,604.73,1.1E-07,0.150203,0.198994,0.303728,0.009048
12,239.14,4E-06,1.26,19.79,0.392302,0.006293
13,377.18,1.5E-07,0.10551,0.213843,0.965437,0.005282
14,134.78,8E-06,1.32,20.18,0.261473,0.013835
15,4200.67,1.1E-07,0.150715,0.243237,1.41,0.203299
16,606.17,1E-05,1.24,18.69,0.305347,0.008229
17,232.76,1.1E-07,0.145443,0.252723,0.380515,0.006536
18,399.52,2E-06,1.23,17.45,1.07,0.004705
19,133.78,1.2E-07,0.137316,0.303794,0.227426,0.014566
20,3892.35,4E-06,1.36,19.75,1.3,0.186119
21,608.04,1.5E-07,0.137034,0.312621,0.307611,0.007963
22,234.34,3E-06,1.33,19.94,0.376018,0.006501
23,404.43,1.1E-07,0.094441,0.331296,1.08,0.004616
24,128.38,4E-06,1.37,21.22,0.211827,0.011713
25,3926.07,1.6E-07,0.158576,0.384916,1.32,0.181487
26,600.83,4E-06,1.22,19.86,0.306246,0.007855
27,235.14,1.5E-07,0.175719,0.426568,0.390814,0.00665
28,411.57,3E-06,1.23,20.76,1.15,0.004722
29,128.22,1.9E-07,0.169823,0.388858,0.196177,0.010433
30,3682.84,5E-06,1.28,18.74,1.24,0.175787
31,602.63,3E-07,0.169917,0.349832,0.309945,0.007362
32,234.53,1.7E-05,1.08,15.69,0.385741,0.00671
33,423.2,1.5E-07,0.152695,0.325127,1.2,0.004668
34,127.25,3E-06,1.4,20.06,0.192147,0.010448
35,3792.4,2.3E-07,0.152289,0.309509,1.3,0.177882
36,602.84,5E-06,1.5,20.97,0.30703,0.007211
37,230.28,1.9E-07,0.243255,0.374598,0.391747,0.006668
38,435.79,4E-06,1.5,21.88,1.17,0.004613
39,125.95,6E-06,0.175949,0.37615,0.186406,0.010008
40,3630.7,3E-06,1.66,22.75,1.29,0.17351
41,596.3,4E-06,0.168361,0.391001,0.304713,0.006843
42,230.62,4E-06,2.08,21.96,0.383145,0.007168
43,402.15,6E-06,0.137043,0.558478,1.49,0.004657
44,129.12,5E-06,1.31,24.86,0.19368,0.010406
45,3631.04,5E-06,0.172401,30.78,1.2,0.171754
46,597.15,1.7E-05,1.48,21.36,0.313722,0.006829
47,227.09,6E-06,0.169135,22.8,0.376936,0.007247
48,398.82,3E-06,1.48,21.83,1.49,0.00457
49,127.43,1E-06,0.134293,30.32,0.188596,0.0097
50,3905.95,4E-06,1.38,31.72,1.36,0.182078
51,608.31,6E-06,0.128919,32.01,0.314436,0.006785
52,231.21,2E-06,1.36,28.47,0.391064,0.007637
53,408.9,6E-06,0.093718,0.228251,1.64,0.004772
54,127.04,3E-06,1.61,28.79,0.186749,0.010113
55,3924.97,6E-06,0.119685,0.181026,1.4,0.184041
56,609.23,4E-06,1.64,27.76,0.31622,0.006858
57,231.49,9E-06,0.115189,0.170166,0.386373,0.007482
58,394.8,1.2E-05,1.81,27.35,1.22,0.004942
59,129.65,4E-08,0.145926,0.151552,0.197068,0.010958
60,4065.2,2E-06,1.22,28.76,1.49,0.189768
61,609.87,8.1E-08,0.134701,0.127426,0.316921,0.006853
62,232.97,3E-06,1.24,28.33,0.388205,0.007529
63,424.44,4.1E-08,0.119197,0.129615,1.69,0.005135
64,131.47,5E-06,1.31,28.54,0.193084,0.010782
65,3582.88,4E-08,0.147217,0.135712,1.32,0.178393
66,605.98,7E-06,1.62,30.15,0.318208,0.007018
67,229.81,4E-08,0.151691,0.093762,0.390413,0.007372
68,457.33,1.1E-05,1.02,27.51,1.54,0.005399
69,131.66,4E-08,0.131729,0.082726,0.19749,0.009613
70,3625.04,5E-06,1.05,28.79,1.23,0.179082
71,606.97,3.9E-08,0.130269,0.081484,0.326811,0.007446
72,229.09,1.6E-05,1.11,27.13,0.349095,0.007426
73,466.06,3.9E-08,0.16439,0.080181,1.08,0.005124
74,131.72,5E-06,1.12,27.75,0.193628,0.007056
75,3637.52,3.9E-08,0.117095,0.092682,1.15,0.181358
76,607.15,8E-06,1.06,28.66,0.311282,0.008303
77,230.3,6E-06,0.115425,0.117084,0.355721,0.00772
78,475.37,3.8E-08,1.1,29.67,0.806403,0.00505
79,130.37,1.6E-05,0.115606,0.19744,0.194251,0.006472
80,3154.95,3.8E-08,1.14,31.4,1.13,0.164167
81,610.68,9E-06,0.108282,0.192747,0.309349,0.005961
82,230.64,7.6E-08,1.27,28.53,0.350443,0.007404
83,477.89,7E-06,0.107905,0.175901,0.79827,0.005136
84,129.22,3.8E-08,1.2,27.73,0.19383,0.00634
85,3882.59,1.8E-05,0.14565,0.179885,1.4,0.200778
86,609.24,3.9E-08,1.14,27.8,0.319742,0.005886
87,230.51,4E-06,0.111721,0.191014,0.335274,0.008532
88,479,7.8E-08,1.16,29.35,0.782664,0.004706
89,134.98,8E-06,0.108555,0.185407,0.20382,0.006513
90,4130.81,3.9E-08,1.29,28.18,1.49,0.209303
91,608.24,5E-06,0.118916,0.186052,0.320562,0.005897
92,235.23,7.8E-08,1.27,29.96,0.350013,0.008197
93,477.75,5E-06,0.111733,0.193575,0.743973,0.004713
94,133.13,7.8E-08,1.3,29.31,0.20502,0.006349
95,4161.27,8E-06,0.140862,0.193108,1.43,0.214441
96,606.72,7.5E-08,1.26,29.1,0.309334,0.005842
97,240.11,6E-06,0.107707,0.186541,0.39098,0.008444
98,479.75,1.1E-07,1.31,32.07,0.729107,0.004749
99,135.25,1.3E-05,0.107529,0.205229,0.21099,0.006273
100,4122.94,2.3E-07,1.31,36.14,1.42,0.213031
101,623.51,3E-06,0.131228,0.20284,0.336045,0.00587
102,238.48,1.5E-07,1.23,33.52,0.397609,0.007663
103,479.36,6E-06,0.134784,0.180059,0.73611,0.00475
104,125.91,1.9E-07,1.27,32.28,0.187606,0.005808
105,4226.06,7E-06,0.138453,0.289392,1.53,0.209995
106,622.86,1.5E-07,1.34,31.16,0.323516,0.005869
107,238.17,2E-06,0.16591,0.185843,0.390881,0.007678
108,475.26,1.5E-07,1.31,33.61,0.717387,0.004719
109,127.11,5E-06,0.171526,0.178713,0.186852,0.00627
110,4228.75,1.5E-07,1.4,36.74,1.53,0.211518
111,626.32,8E-06,0.146894,0.177279,0.319105,0.005902
112,243.61,1.5E-07,1.4,35.72,0.417071,0.007831
113,474.6,1.9E-05,0.137208,0.202293,0.699713,0.004711
114,121.66,1.2E-07,1.4,32.96,0.18614,0.006183
115,4599.88,1.2E-05,0.143389,0.144636,1.82,0.22364
116,614.54,1.2E-07,1.39,32.28,0.337485,0.005892
117,239.85,3E-06,0.146591,0.149953,0.393598,0.007918
118,482.28,1.2E-07,1.41,38.08,0.721973,0.004704
119,124.15,2.3E-05,0.146551,0.167994,0.194916,0.006173
120,4597.12,3.9E-08,1.51,40.13,1.92,0.226186
121,610.44,5E-06,0.123591,0.17305,0.33788,0.005912
122,239.84,3.9E-08,1.27,38.44,0.368208,0.007891
123,484.83,9E-06,0.103539,0.174141,0.741124,0.004795
124,119.15,3.9E-08,1.29,38.13,0.183373,0.005866
125,4376.53,1E-05,0.360949,0.174514,1.72,0.215189
126,606.59,3.9E-08,1.53,34.79,0.34045,0.005932
127,235.02,1.5E-05,0.36053,0.171955,0.353063,0.00786
128,483.34,3.9E-08,1.49,34.9,0.715205,0.004874
129,126.43,7E-06,0.180792,0.167085,0.185515,0.005715
130,4236.31,3.9E-08,1.42,35.86,1.48,0.204968
131,608.63,1.6E-05,0.367608,0.168892,0.350541,0.005954
132,230.3,3.9E-08,1.3,34.36,0.333499,0.007355
133,489.66,1.6E-05,0.370801,0.173476,0.767344,0.004805
134,126.74,7.8E-08,1.25,35.64,0.181238,0.005695
135,4582.96,1.7E-05,0.333202,0.170999,1.83,0.228811
136,598.21,3.9E-08,1.23,39.75,0.344488,0.005964
137,227.18,2.2E-05,0.11892,0.169928,0.336219,0.007431
138,477.59,3.9E-08,1.24,42.74,0.722479,0.004776
139,136.77,8E-06,0.120218,0.172177,0.184639,0.00567
140,4578.77,3.9E-08,1.23,40.5,1.92,0.226669
141,575.54,9E-06,1.23,0.17328,0.357441,0.00597
142,229.28,4E-08,0.083006,28.7,0.342363,0.0077
143,477.43,1.3E-05,1.21,0.162529,0.724066,0.004641
144,135.85,7.9E-08,0.082723,29.35,0.175247,0.005528
145,4892.01,6E-06,1.17,0.173875,2.04,0.248479
146,572.3,3.9E-08,0.090509,29.73,0.364305,0.005984
147,228.12,2.5E-05,1.21,0.183786,0.34328,0.007815
148,474.88,4E-08,0.090511,28.4,0.778685,0.005025
149,138.34,5.5E-05,1.25,0.169917,0.178459,0.005787
